512 512
13.0729 -23.7851 -0.00143911
-5.01431 -17.8685 -0.920619
-0.0201945 -0.691309 -1.87661
0.716102 1.74978 -0.65229
-4.40911 -17.4542 -3.74411 0.8
0.2
10
S
-4.9537 -17.1003 -1.98978 0.104211
0.0791016 0.249023 0.0722656 0.0791016 0.249023 0.0722656 0 1
S
-5.95817 -17.667 -2.66555 0.106812
0.916992 0.486328 0.745117 0.916992 0.486328 0.745117 0 1
S
-4.80551 -16.9133 -2.76277 0.125854
0.0820312 0.992188 0.776367 0.0820312 0.992188 0.776367 0 1
S
-5.65304 -17.4763 -2.54235 0.132446
0.337891 0.294922 0.59668 0.337891 0.294922 0.59668 0 1
S
-5.98396 -17.6608 -2.4123 0.133765
0.849609 0.298828 0.0126953 0.849609 0.298828 0.0126953 0 1
S
-5.53172 -16.4407 -1.76444 0.105969
0.337891 0.286133 0.34082 0.337891 0.286133 0.34082 0 1
S
-4.90448 -17.2764 -2.80123 0.127283
0.0917969 0.207031 0.416992 0.0917969 0.207031 0.416992 0 1
S
-4.81907 -16.6354 -2.30378 0.124426
0.675781 0.0820312 0.516602 0.675781 0.0820312 0.516602 0 1
S
-5.08021 -17.4694 -2.12174 0.12113
0.282227 0.30957 0.464844 0.282227 0.30957 0.464844 0 1
S
-5.83607 -16.8472 -3.04767 0.102271
0.157227 0.563477 0.219727 0.157227 0.563477 0.219727 0 1
