512 512
-10.021 -1.36799 -4.26289
-6.52763 16.6411 0.882019
1.89107 -0.568517 0.317245
-0.477913 -0.550416 1.86243
-4.54433 15.4258 2.64258 0.8
0.2
20
S
-5.95322 16.5189 2.10671 0.128076
0.0791016 0.249023 0.0722656 0.0791016 0.249023 0.0722656 0 1
S
-4.97557 17.1187 1.94384 0.14541
0.916992 0.486328 0.745117 0.916992 0.486328 0.745117 0 1
S
-5.50745 16.2558 2.5796 0.272363
0.0820312 0.992188 0.776367 0.0820312 0.992188 0.776367 0 1
S
-5.22056 16.9213 2.04215 0.316309
0.337891 0.294922 0.59668 0.337891 0.294922 0.59668 0 1
S
-5.1545 17.1959 1.84033 0.325098
0.849609 0.298828 0.0126953 0.849609 0.298828 0.0126953 0 1
S
-6.22866 17.142 2.49626 0.139795
0.337891 0.286133 0.34082 0.337891 0.286133 0.34082 0 1
S
-5.30873 16.276 2.31959 0.281885
0.0917969 0.207031 0.416992 0.0917969 0.207031 0.416992 0 1
S
-5.94696 16.4075 2.59414 0.262842
0.675781 0.0820312 0.516602 0.675781 0.0820312 0.516602 0 1
S
-5.67726 16.5406 1.88129 0.240869
0.282227 0.30957 0.464844 0.282227 0.30957 0.464844 0 1
S
-5.05849 17.0548 2.72781 0.115137
0.157227 0.563477 0.219727 0.157227 0.563477 0.219727 0 1
S
-5.99125 16.8026 2.24556 0.287744
0.623047 0.647461 0.478516 0.623047 0.647461 0.478516 0 1
S
-5.31853 17.4564 2.60869 0.322412
0.0546875 0.0898438 0.541016 0.0546875 0.0898438 0.541016 0 1
S
-5.39937 17.0153 2.23604 0.286279
0.548828 0.170898 0.308594 0.548828 0.170898 0.308594 0 1
S
-6.22461 16.9255 2.48036 0.340967
0.0898438 0.251953 0.0253906 0.0898438 0.251953 0.0253906 0 1
S
-5.27498 16.3774 2.32824 0.286035
0.666016 0.806641 0.495117 0.666016 0.806641 0.495117 0 1
S
-5.56769 17.7166 2.20311 0.101221
0.308594 0.871094 0.894531 0.308594 0.871094 0.894531 0 1
S
-5.61204 17.4992 1.7737 0.123682
0.133789 0.493164 0.839844 0.133789 0.493164 0.839844 0 1
S
-5.89492 17.3341 1.85954 0.228662
0.145508 0.922852 0.479492 0.145508 0.922852 0.479492 0 1
S
-5.80027 17.1973 2.8829 0.22085
0.991211 0.75 0.227539 0.991211 0.75 0.227539 0 1
S
-5.4979 16.6924 2.54476 0.336816
0.0107422 0.698242 0.953125 0.0107422 0.698242 0.953125 0 1
