512 512
-10.021 -1.36799 -4.26289
-6.52763 16.6411 0.882019
1.89107 -0.568517 0.317245
-0.477913 -0.550416 1.86243
-4.54433 15.4258 2.64258 0.8
0.2
50
S
-5.95322 16.5189 2.10671 0.128076
0.0791016 0.249023 0.0722656 0.0791016 0.249023 0.0722656 0 1
S
-4.97557 17.1187 1.94384 0.14541
0.916992 0.486328 0.745117 0.916992 0.486328 0.745117 0 1
S
-5.50745 16.2558 2.5796 0.272363
0.0820312 0.992188 0.776367 0.0820312 0.992188 0.776367 0 1
S
-5.22056 16.9213 2.04215 0.316309
0.337891 0.294922 0.59668 0.337891 0.294922 0.59668 0 1
S
-5.1545 17.1959 1.84033 0.325098
0.849609 0.298828 0.0126953 0.849609 0.298828 0.0126953 0 1
S
-6.22866 17.142 2.49626 0.139795
0.337891 0.286133 0.34082 0.337891 0.286133 0.34082 0 1
S
-5.30873 16.276 2.31959 0.281885
0.0917969 0.207031 0.416992 0.0917969 0.207031 0.416992 0 1
S
-5.94696 16.4075 2.59414 0.262842
0.675781 0.0820312 0.516602 0.675781 0.0820312 0.516602 0 1
S
-5.67726 16.5406 1.88129 0.240869
0.282227 0.30957 0.464844 0.282227 0.30957 0.464844 0 1
S
-5.05849 17.0548 2.72781 0.115137
0.157227 0.563477 0.219727 0.157227 0.563477 0.219727 0 1
S
-5.99125 16.8026 2.24556 0.287744
0.623047 0.647461 0.478516 0.623047 0.647461 0.478516 0 1
S
-5.31853 17.4564 2.60869 0.322412
0.0546875 0.0898438 0.541016 0.0546875 0.0898438 0.541016 0 1
S
-5.39937 17.0153 2.23604 0.286279
0.548828 0.170898 0.308594 0.548828 0.170898 0.308594 0 1
S
-6.22461 16.9255 2.48036 0.340967
0.0898438 0.251953 0.0253906 0.0898438 0.251953 0.0253906 0 1
S
-5.27498 16.3774 2.32824 0.286035
0.666016 0.806641 0.495117 0.666016 0.806641 0.495117 0 1
S
-5.56769 17.7166 2.20311 0.101221
0.308594 0.871094 0.894531 0.308594 0.871094 0.894531 0 1
S
-5.61204 17.4992 1.7737 0.123682
0.133789 0.493164 0.839844 0.133789 0.493164 0.839844 0 1
S
-5.89492 17.3341 1.85954 0.228662
0.145508 0.922852 0.479492 0.145508 0.922852 0.479492 0 1
S
-5.80027 17.1973 2.8829 0.22085
0.991211 0.75 0.227539 0.991211 0.75 0.227539 0 1
S
-5.4979 16.6924 2.54476 0.336816
0.0107422 0.698242 0.953125 0.0107422 0.698242 0.953125 0 1
S
-5.12736 17.3034 2.81156 0.271143
0.530273 0.28418 0.779297 0.530273 0.28418 0.779297 0 1
S
-5.79829 17.6319 1.89328 0.186914
0.442383 0.769531 0.862305 0.442383 0.769531 0.862305 0 1
S
-6.10367 16.6607 2.28519 0.305811
0.868164 0.84668 0.307617 0.868164 0.84668 0.307617 0 1
S
-5.95845 17.5852 1.96378 0.22915
0.154297 0.258789 0.464844 0.154297 0.258789 0.464844 0 1
S
-5.17774 16.4908 2.28785 0.221582
0.526367 0.265625 0.170898 0.526367 0.265625 0.170898 0 1
S
-4.79889 17.4915 2.26704 0.28042
0.328125 0.570312 0.0693359 0.328125 0.570312 0.0693359 0 1
S
-5.42749 17.3962 2.92217 0.1896
0.0332031 0.274414 0.181641 0.0332031 0.274414 0.181641 0 1
S
-6.22004 17.3016 2.84282 0.290186
0.719727 0.0253906 0.277344 0.719727 0.0253906 0.277344 0 1
S
-6.13008 17.0584 1.98288 0.11001
0.242188 0.160156 0.526367 0.242188 0.160156 0.526367 0 1
S
-6.04957 17.0376 1.89787 0.306543
0.976562 0.648438 0.548828 0.976562 0.648438 0.548828 0 1
S
-5.34887 16.5038 2.76313 0.118799
0.55957 0.550781 0.433594 0.55957 0.550781 0.433594 0 1
S
-6.04646 16.8493 2.26224 0.223535
0.948242 0.105469 0.254883 0.948242 0.105469 0.254883 0 1
S
-5.29914 17.2798 2.36855 0.235498
0.416016 0.275391 0.583008 0.416016 0.275391 0.583008 0 1
S
-5.30657 17.0801 2.09494 0.206689
0.862305 0.807617 0.253906 0.862305 0.807617 0.253906 0 1
S
-6.08531 17.5371 2.71387 0.136133
0.674805 0.420898 0.220703 0.674805 0.420898 0.220703 0 1
S
-5.79797 16.832 2.21865 0.306787
0.798828 0.270508 0.321289 0.798828 0.270508 0.321289 0 1
S
-5.30321 17.3646 2.22081 0.20376
0.507812 0.109375 0.957031 0.507812 0.109375 0.957031 0 1
S
-5.55951 16.7802 1.97685 0.245508
0.820312 0.650391 0.00976562 0.820312 0.650391 0.00976562 0 1
S
-6.05479 16.7687 1.79524 0.230859
0.914062 0.0664062 0.667969 0.914062 0.0664062 0.667969 0 1
S
-5.44295 16.7659 2.62897 0.306055
0.459961 0.543945 0.651367 0.459961 0.543945 0.651367 0 1
S
-5.79166 16.9989 2.38 0.101465
0.191406 0.549805 0.420898 0.191406 0.549805 0.420898 0 1
S
-5.25891 17.2887 2.01273 0.256006
0.0439453 0.918945 0.207031 0.0439453 0.918945 0.207031 0 1
S
-6.01219 17.3911 1.91242 0.237207
0.0273438 0.480469 0.0722656 0.0273438 0.480469 0.0722656 0 1
S
-5.51637 16.9319 1.91962 0.232813
0.0341797 0.629883 0.355469 0.0341797 0.629883 0.355469 0 1
S
-6.02 16.5297 1.9319 0.288477
0.988281 0.980469 0.760742 0.988281 0.980469 0.760742 0 1
S
-5.13151 16.4551 1.88837 0.320215
0.19043 0.560547 0.504883 0.19043 0.560547 0.504883 0 1
S
-4.95313 17.3697 2.23986 0.125146
0.0498047 0.928711 0.649414 0.0498047 0.928711 0.649414 0 1
S
-5.16517 16.5578 2.6933 0.104883
0.956055 0.461914 0.550781 0.956055 0.461914 0.550781 0 1
S
-6.06472 17.7406 2.33554 0.221582
0.265625 0.914062 0.240234 0.265625 0.914062 0.240234 0 1
S
-5.15829 16.844 2.44087 0.208887
0.425781 0.183594 0.316406 0.425781 0.183594 0.316406 0 1
