512 512
2.60738 34.2297 -3.68136
-6.34968 18.5573 2.41344
1.72351 -0.518142 0.872384
0.596585 -0.873445 -1.6974
-3.70682 17.3407 2.20096 0.8
0.2
50
S
-5.5377 17.6294 1.94795 0.104211
0.0791016 0.249023 0.0722656 0.0791016 0.249023 0.0722656 0 1
S
-5.341 16.9799 3.09953 0.106812
0.916992 0.486328 0.745117 0.916992 0.486328 0.745117 0 1
S
-4.83554 17.242 1.84182 0.125854
0.0820312 0.992188 0.776367 0.0820312 0.992188 0.776367 0 1
S
-5.33353 17.1266 2.74877 0.132446
0.337891 0.294922 0.59668 0.337891 0.294922 0.59668 0 1
S
-5.57197 17.0822 3.06754 0.133765
0.849609 0.298828 0.0126953 0.849609 0.298828 0.0126953 0 1
S
-6.12553 16.9768 1.72765 0.105969
0.337891 0.286133 0.34082 0.337891 0.286133 0.34082 0 1
S
-4.78619 17.3713 2.1939 0.127283
0.0917969 0.207031 0.416992 0.0917969 0.207031 0.416992 0 1
S
-5.28515 17.293 1.55311 0.124426
0.675781 0.0820312 0.516602 0.675781 0.0820312 0.516602 0 1
S
-5.42026 17.699 2.33658 0.12113
0.282227 0.30957 0.464844 0.282227 0.30957 0.464844 0 1
S
-5.09848 16.3948 2.44248 0.102271
0.157227 0.563477 0.219727 0.157227 0.563477 0.219727 0 1
S
-5.75195 17.3314 1.94403 0.128162
0.623047 0.647461 0.478516 0.623047 0.647461 0.478516 0 1
S
-5.65906 16.3177 2.50175 0.133362
0.0546875 0.0898438 0.541016 0.0546875 0.0898438 0.541016 0 1
S
-5.48198 16.9667 2.5105 0.127942
0.548828 0.170898 0.308594 0.548828 0.170898 0.308594 0 1
S
-5.95179 17.1379 1.64629 0.136145
0.0898438 0.251953 0.0253906 0.0898438 0.251953 0.0253906 0 1
S
-4.84037 17.2812 2.25919 0.127905
0.666016 0.806641 0.495117 0.666016 0.806641 0.495117 0 1
S
-6.18901 16.5754 2.71277 0.100183
0.308594 0.871094 0.894531 0.308594 0.871094 0.894531 0 1
S
-6.18446 17.1041 2.89019 0.103552
0.133789 0.493164 0.839844 0.133789 0.493164 0.839844 0 1
S
-6.23574 17.2536 2.53289 0.119299
0.145508 0.922852 0.479492 0.145508 0.922852 0.479492 0 1
S
-5.72289 16.4492 1.81099 0.118127
0.991211 0.75 0.227539 0.991211 0.75 0.227539 0 1
S
-5.19421 16.9667 2.06794 0.135522
0.0107422 0.698242 0.953125 0.0107422 0.698242 0.953125 0 1
S
-5.32525 16.1792 2.43836 0.125671
0.530273 0.28418 0.779297 0.530273 0.28418 0.779297 0 1
S
-6.39396 16.983 2.71665 0.113037
0.442383 0.769531 0.862305 0.442383 0.769531 0.862305 0 1
S
-5.70856 17.4387 1.76423 0.130872
0.868164 0.84668 0.307617 0.868164 0.84668 0.307617 0 1
S
-6.45384 17.017 2.51932 0.119373
0.154297 0.258789 0.464844 0.154297 0.258789 0.464844 0 1
S
-4.87224 17.1999 2.41493 0.118237
0.526367 0.265625 0.170898 0.526367 0.265625 0.170898 0 1
S
-5.40637 16.383 3.17139 0.127063
0.328125 0.570312 0.0693359 0.328125 0.570312 0.0693359 0 1
S
-5.59102 16.1366 2.16406 0.11344
0.0332031 0.274414 0.181641 0.0332031 0.274414 0.181641 0 1
S
-6.13674 16.5715 1.55604 0.128528
0.719727 0.0253906 0.277344 0.719727 0.0253906 0.277344 0 1
S
-6.14912 17.4295 2.13713 0.101501
0.242188 0.160156 0.526367 0.242188 0.160156 0.526367 0 1
S
-6.09903 17.4847 2.25231 0.130981
0.976562 0.648438 0.548828 0.976562 0.648438 0.548828 0 1
S
-4.85831 16.8557 1.94453 0.10282
0.55957 0.550781 0.433594 0.55957 0.550781 0.433594 0 1
S
-5.82611 17.3062 1.90935 0.11853
0.948242 0.105469 0.254883 0.948242 0.105469 0.254883 0 1
S
-5.57849 16.6345 2.6113 0.120325
0.416016 0.275391 0.583008 0.416016 0.275391 0.583008 0 1
S
-5.51019 17.0056 2.71359 0.116003
0.862305 0.807617 0.253906 0.862305 0.807617 0.253906 0 1
S
-6.26818 16.4664 1.85907 0.10542
0.674805 0.420898 0.220703 0.674805 0.420898 0.220703 0 1
S
-5.63896 17.2599 2.12838 0.131018
0.798828 0.270508 0.321289 0.798828 0.270508 0.321289 0 1
S
-5.69819 16.7021 2.75192 0.115564
0.507812 0.109375 0.957031 0.507812 0.109375 0.957031 0 1
S
-5.49528 17.4084 2.46666 0.121826
0.820312 0.650391 0.00976562 0.820312 0.650391 0.00976562 0 1
S
-5.91766 17.7586 2.20274 0.119629
0.914062 0.0664062 0.667969 0.914062 0.0664062 0.667969 0 1
S
-5.18531 16.8241 2.08319 0.130908
0.459961 0.543945 0.651367 0.459961 0.543945 0.651367 0 1
S
-5.71763 17.0065 2.09132 0.10022
0.191406 0.549805 0.420898 0.191406 0.549805 0.420898 0 1
S
-5.67032 16.9128 2.90265 0.123401
0.0439453 0.918945 0.207031 0.0439453 0.918945 0.207031 0 1
S
-6.35331 17.2145 2.42797 0.120581
0.0273438 0.480469 0.0722656 0.0273438 0.480469 0.0722656 0 1
S
-5.60453 17.3356 2.609 0.119922
0.0341797 0.629883 0.355469 0.0341797 0.629883 0.355469 0 1
S
-5.65322 17.7948 2.0259 0.128271
0.988281 0.980469 0.760742 0.988281 0.980469 0.760742 0 1
S
-4.93743 17.5436 2.72264 0.133032
0.19043 0.560547 0.504883 0.19043 0.560547 0.504883 0 1
S
-5.4324 16.5488 3.01566 0.103772
0.0498047 0.928711 0.649414 0.0498047 0.928711 0.649414 0 1
S
-4.78634 16.8072 2.16309 0.100732
0.956055 0.461914 0.550781 0.956055 0.461914 0.550781 0 1
S
-6.54009 16.6371 2.23744 0.118237
0.265625 0.914062 0.240234 0.265625 0.914062 0.240234 0 1
S
-5.09512 16.82 2.47685 0.116333
0.425781 0.183594 0.316406 0.425781 0.183594 0.316406 0 1
