512 512
-19.7305 5.19771 -64.3204
-15.2914 5.83764 -55.1343
-1.2422 -2.71426 0.2995
2.2892 -1.21445 -1.51151
-14.6063 -117.813 -156.201 0.35
0.35
400
S
5.77012 0.114803 -22.1775 1.0877
0.0791016 0.249023 0.0722656 0.379102 0.549023 0.372266 0.2 154.906
S
5.50375 2.67504 -22.0892 -0.716992
0.513672 0.745117 0.52832 0.813672 1.04512 0.82832 0.2 137.328
S
4.24428 -5.97465 -22.1154 -0.792188
0.223633 0.523438 0.475586 0.523633 0.823438 0.775586 0.2 23.4609
S
4.85299 3.36892 -22.2658 0.60332
0.450195 0.905273 0.196289 0.750195 1.20527 0.496289 0.2 181.078
S
3.59963 -1.4915 -20.6465 -0.728711
0.452148 0.0859375 0.84082 0.752148 0.385937 1.14082 0.2 133.422
S
5.48723 -5.81926 -23.8176 0.427539
0.914062 0.272461 0.0917969 1.21406 0.572461 0.391797 0.2 159.594
S
4.78598 0.946368 -22.049 1.00664
0.651367 0.675781 0.0820312 0.951367 0.975781 0.382031 0.2 104.32
S
3.39163 -0.524572 -20.9631 -0.363477
0.282227 0.30957 0.464844 0.582227 0.60957 0.764844 0.2 174.633
S
2.30169 -2.18484 -20.2816 0.0427734
0.436523 0.780273 0.496094 0.736523 1.08027 0.796094 0.2 30.8828
S
-2.7197 -0.81757 -26.2716 0.552539
0.521484 0.285156 0.145508 0.821484 0.585156 0.445508 0.2 180.297
S
6.49291 2.77033 -22.1116 -0.341016
0.269531 0.171875 0.0576172 0.569531 0.471875 0.357617 0.2 150.023
S
0.24948 -2.25294 -26.3781 -0.632031
0.519531 0.226562 0.963867 0.819531 0.526563 1.26387 0.2 18.9688
S
6.6369 -6.61686 -24.5658 0.38457
0.754883 0.744141 0.666016 1.05488 1.04414 0.966016 0.2 39.6719
S
1.39301 2.36537 -27.1746 -0.774609
0.995117 0.691406 0.871094 1.29512 0.991406 1.17109 0.2 179.906
S
-1.39158 3.11906 -25.3395 1.10527
0.133789 0.506836 0.839844 0.433789 0.806836 1.13984 0.2 137.523
S
2.12908 2.88509 -27.8729 1.05449
0.922852 0.479492 0.235352 1.22285 0.779492 0.535352 0.2 166.039
S
1.82407 2.49438 -24.7065 -0.55
0.227539 0.342773 0.443359 0.527539 0.642773 0.743359 0.2 56.2734
S
9.08558 1.32083 -27.3804 -0.753125
0.679688 0.430664 0.847656 0.979688 0.730664 1.14766 0.2 137.914
S
-1.3891 -1.79588 -28.1028 -0.464062
0.777344 0.620117 0.347656 1.07734 0.920117 0.647656 0.2 89.4766
S
1.19078 -1.6942 -28.4639 0.507617
0.658203 0.176758 0.131836 0.958203 0.476758 0.431836 0.2 170.336
S
-3.59393 -1.75916 -25.7634 -0.335156
0.483398 0.845703 0.741211 0.783398 1.1457 1.04121 0.2 108.031
S
2.48283 -5.00737 -22.9049 0.713672
0.526367 0.734375 0.829102 0.826367 1.03438 1.1291 0.2 189.477
S
-1.67644 4.12617 -26.6867 -0.128125
0.570312 0.0693359 0.229492 0.870313 0.369336 0.529492 0.2 133.031
S
6.89768 2.18007 -27.9342 0.925586
0.181641 0.901367 0.87793 0.481641 1.20137 1.17793 0.2 98.8516
S
1.36731 4.15282 -24.3855 0.922656
0.874023 0.28418 0.257812 1.17402 0.58418 0.557813 0.2 192.992
S
1.59656 -4.17986 -22.8963 -0.568555
0.426758 0.302734 0.826172 0.726758 0.602734 1.12617 0.2 5.6875
S
1.50478 -1.70217 -21.1689 0.98125
0.381836 0.0751953 0.44043 0.681836 0.375195 0.74043 0.2 90.8438
S
1.66869 2.28399 -23.6873 0.583789
0.494141 0.0517578 0.894531 0.794141 0.351758 1.19453 0.2 51.9766
S
0.0940016 -1.64693 -27.4978 0.658008
0.583984 0.724609 0.416992 0.883984 1.02461 0.716992 0.2 69.3594
S
4.50813 1.04987 -23.1926 0.337695
0.807617 0.746094 0.839844 1.10762 1.04609 1.13984 0.2 109.789
S
8.33405 0.922279 -26.8706 0.779102
0.220703 0.234375 0.0273438 0.520703 0.534375 0.327344 0.2 70.1406
S
-1.47556 0.25188 -24.7718 0.878711
0.25293 0.376953 0.576172 0.55293 0.676953 0.876172 0.2 84.0078
S
-1.20968 -2.13362 -29.2944 0.276172
0.384766 0.459961 0.582031 0.684766 0.759961 0.882031 0.2 36.9375
S
6.02971 0.628365 -31.4618 -0.258008
0.736328 0.523438 0.914062 1.03633 0.823438 1.21406 0.2 187.719
S
6.825 1.08784 -24.8796 0.311328
0.824219 0.459961 0.543945 1.12422 0.759961 0.843945 0.2 70.7266
S
3.91045 0.0154692 -26.1934 1.19414
0.808594 0.450195 0.420898 1.10859 0.750195 0.720898 0.2 60.9609
S
0.971986 3.39995 -27.7616 0.156055
0.918945 0.207031 0.865234 1.21895 0.507031 1.16523 0.2 114.867
S
0.888341 1.34751 -24.5529 -0.280469
0.0722656 0.0585938 0.546875 0.372266 0.358594 0.846875 0.2 52.9531
S
5.82317 0.10325 -31.1104 -0.155469
0.495117 0.173828 0.993164 0.795117 0.473828 1.29316 0.2 50.2188
S
5.31558 3.51058 -25.226 1.01934
0.53125 0.818359 0.119141 0.83125 1.11836 0.419141 0.2 39.0859
S
7.5482 0.265046 -23.9567 -0.280469
0.711914 0.899414 0.0498047 1.01191 1.19941 0.349805 0.2 15.2578
S
8.92909 -0.0816213 -25.8218 0.47832
0.0195312 0.956055 0.461914 0.319531 1.25605 0.761914 0.2 90.8438
S
2.05453 4.50773 -29.8613 -0.286328
0.734375 0.914062 0.759766 1.03438 1.21406 1.05977 0.2 150.023
S
3.77982 -1.61114 -23.2333 0.774219
0.183594 0.316406 0.617188 0.483594 0.616406 0.917188 0.2 52.1719
S
2.97292 4.16526 -20.6457 -0.33418
0.953125 0.275391 0.537109 1.25313 0.575391 0.837109 0.2 121.508
S
5.4944 0.132536 -23.3071 0.826953
0.170898 0.786133 0.0751953 0.470898 1.08613 0.375195 0.2 36.9375
S
4.71563 -2.11113 -23.1006 0.0554688
0.254883 0.452148 0.399414 0.554883 0.752148 0.699414 0.2 129.125
S
2.86846 2.79236 -19.8753 0.467578
0.151367 0.683594 0.477539 0.451367 0.983594 0.777539 0.2 6.27344
S
2.25363 2.7584 -22.0972 -0.289258
0.0224609 0.0292969 0.0917969 0.322461 0.329297 0.391797 0.2 134.789
S
3.49271 3.70147 -23.8179 0.526172
0.203125 0.629883 0.494141 0.503125 0.929883 0.794141 0.2 184.594
S
-2.13588 -1.42794 -24.3931 -0.00703125
0.650391 0.373047 0.152344 0.950391 0.673047 0.452344 0.2 180.688
S
2.7287 -3.61414 -24.0784 -0.414258
0.401367 0.890625 0.412109 0.701367 1.19063 0.712109 0.2 174.047
S
2.36548 3.51653 -28.5552 0.409961
0.933594 0.283203 0.121094 1.23359 0.583203 0.421094 0.2 183.227
S
-1.31432 -3.28335 -21.4157 -0.136914
0.456055 0.920898 0.418945 0.756055 1.2209 0.718945 0.2 184.594
S
5.46733 2.58785 -27.5789 0.969531
0.272461 0.972656 0.870117 0.572461 1.27266 1.17012 0.2 148.07
S
2.40842 -1.52546 -27.7535 -0.285352
0.128906 0.9375 0.621094 0.428906 1.2375 0.921094 0.2 64.4766
S
0.558315 0.199106 -27.1343 0.100391
0.962891 0.405273 0.0107422 1.26289 0.705273 0.310742 0.2 181.664
S
-1.94632 -1.88905 -25.7803 -0.67793
0.675781 0.147461 0.795898 0.975781 0.447461 1.0959 0.2 112.328
S
1.98077 1.85703 -29.5392 0.428516
0.106445 0.917969 0.493164 0.406445 1.21797 0.793164 0.2 157.055
S
-1.99099 -0.30116 -24.5363 -0.350781
0.793945 0.112305 0.766602 1.09395 0.412305 1.0666 0.2 35.5703
S
-4.1916 -2.6353 -27.4765 1.10332
0.698242 0.0615234 0.805664 0.998242 0.361523 1.10566 0.2 56.4688
S
0.234234 -1.85857 -22.1825 0.989062
0.518555 0.603516 0.767578 0.818555 0.903516 1.06758 0.2 197.094
S
1.75383 1.63401 -23.4044 0.989062
0.473633 0.259766 0.992188 0.773633 0.559766 1.29219 0.2 170.336
S
0.107441 0.753579 -28.1367 0.288867
0.853516 0.938477 0.738281 1.15352 1.23848 1.03828 0.2 144.945
S
2.94263 3.09341 -21.6814 -0.747266
0.394531 0.428711 0.330078 0.694531 0.728711 0.630078 0.2 29.125
S
-0.962691 -3.59803 -26.135 0.518359
0.667969 0.119141 0.337891 0.967969 0.419141 0.637891 0.2 3.73438
S
-0.139194 -1.26017 -25.3513 1.05059
0.326172 0.189453 0.696289 0.626172 0.489453 0.996289 0.2 159.203
S
5.98358 -5.46376 -26.6562 0.605273
0.946289 0.55957 0.125 1.24629 0.85957 0.425 0.2 119.359
S
-1.54922 -3.93111 -26.9398 0.487109
0.824219 0.790039 0.853516 1.12422 1.09004 1.15352 0.2 196.117
S
3.545 1.63618 -24.1726 0.0505859
0.675781 0.368164 0.864258 0.975781 0.668164 1.16426 0.2 1
S
0.505045 -0.967345 -25.4055 -0.257031
0.476562 0.454102 0.248047 0.776563 0.754102 0.548047 0.2 6.46875
S
-1.47554 3.62639 -25.9809 -0.20918
0.608398 0.556641 0.000976562 0.908398 0.856641 0.300977 0.2 101.195
S
5.26822 1.59895 -28.1229 -0.320508
0.249023 0.0654297 0.545898 0.549023 0.36543 0.845898 0.2 154.516
S
2.99761 -5.32353 -28.8684 0.605273
0.621094 0.518555 0.595703 0.921094 0.818555 0.895703 0.2 120.141
S
1.12753 -1.37284 -29.9711 -0.175977
0.799805 0.110352 0.651367 1.0998 0.410352 0.951367 0.2 133.422
S
-0.948861 1.41497 -23.7359 -0.252148
0.639648 0.926758 0.951172 0.939648 1.22676 1.25117 0.2 189.672
S
-0.251617 -1.79493 -27.5825 -0.165234
0.771484 0.123047 0.597656 1.07148 0.423047 0.897656 0.2 101.195
S
3.22291 0.959836 -26.3557 0.20293
0.501953 0.30957 0.401367 0.801953 0.60957 0.701367 0.2 71.1172
S
3.17885 1.56382 -24.0972 -0.436719
0.626953 0.0761719 0.298828 0.926953 0.376172 0.598828 0.2 87.9141
S
5.26773 -2.14112 -26.8049 -0.153516
0.555664 0.161133 0.410156 0.855664 0.461133 0.710156 0.2 12.7188
S
2.00939 -5.68242 -22.7695 0.968555
0.888672 0.978516 0.269531 1.18867 1.27852 0.569531 0.2 98.4609
S
0.734357 0.571024 -21.4196 -0.3
0.484375 0.885742 0.149414 0.784375 1.18574 0.449414 0.2 191.43
S
-0.756253 1.47383 -26.8544 -0.322461
0.344727 0.111328 0.0429688 0.644727 0.411328 0.342969 0.2 130.688
S
-0.0910684 2.12465 -23.7242 -0.504102
0.316406 0.586914 0.237305 0.616406 0.886914 0.537305 0.2 63.8906
S
2.9266 1.37606 -25.0843 -0.313672
0.208008 0.648438 0.000976562 0.508008 0.948438 0.300977 0.2 159.203
S
-0.0328244 2.83426 -27.7628 -0.790234
0.37207 0.439453 0.942383 0.67207 0.739453 1.24238 0.2 96.7031
S
1.1573 -4.21386 -19.8419 0.406055
0.579102 0.00195312 0.556641 0.879102 0.301953 0.856641 0.2 137.133
S
-0.373584 -0.297671 -26.1598 -0.330273
0.859375 0.852539 0.783203 1.15938 1.15254 1.0832 0.2 53.3438
S
3.33965 0.870716 -24.576 0.658008
0.217773 0.776367 0.249023 0.517773 1.07637 0.549023 0.2 149.633
S
7.07014 -1.16355 -23.969 0.564258
0.0214844 0.810547 0.157227 0.321484 1.11055 0.457227 0.2 33.0312
S
0.954325 3.54414 -29.6583 1.05742
0.794922 0.601562 0.823242 1.09492 0.901563 1.12324 0.2 11.3516
S
4.59125 3.20403 -23.8187 -0.504102
0.355469 0.200195 0.0341797 0.655469 0.500195 0.33418 0.2 63.1094
S
1.13191 5.1147 -25.3016 0.483203
0.518555 0.983398 0.0263672 0.818555 1.2834 0.326367 0.2 44.75
S
-0.425848 -2.55305 -26.6655 -0.26582
0.410156 0.424805 0.374023 0.710156 0.724805 0.674023 0.2 27.5625
S
5.12577 2.0887 -28.3348 -0.782422
0.0205078 0.0996094 0.0351562 0.320508 0.399609 0.335156 0.2 36.1562
S
-0.022694 -2.95488 -21.7877 -0.464062
0.582031 0.495117 0.646484 0.882031 0.795117 0.946484 0.2 130.688
S
0.687439 1.54256 -24.6456 0.444141
0.569336 0.958008 0.537109 0.869336 1.25801 0.837109 0.2 198.266
S
2.1268 0.652764 -28.0113 0.526172
0.530273 0.894531 0.806641 0.830273 1.19453 1.10664 0.2 62.5234
S
0.919253 -1.81714 -26.5958 -0.466992
0.818359 0.673828 0.507812 1.11836 0.973828 0.807813 0.2 102.953
S
6.57289 2.9932 -22.4991 0.837695
0.483398 0.492188 0.286133 0.783398 0.792188 0.586133 0.2 151.781
S
-1.0467 -3.60125 -21.1814 -0.463086
0.825195 0.952148 0.676758 1.1252 1.25215 0.976758 0.2 18.7734
S
0.118744 0.0723716 -28.5898 0.666797
0.262695 0.569336 0.84082 0.562695 0.869336 1.14082 0.2 191.039
S
-0.154909 -1.66379 -27.8516 0.366016
0.458008 0.890625 0.324219 0.758008 1.19063 0.624219 0.2 81.4688
S
-0.850794 1.30469 -27.8502 -0.448437
0.986328 0.520508 0.402344 1.28633 0.820508 0.702344 0.2 184.789
S
-4.25533 -1.75666 -26.2341 1.11211
0.960938 0.421875 0.176758 1.26094 0.721875 0.476758 0.2 8.22656
S
0.725506 -2.46407 -27.7843 -0.64082
0.491211 0.337891 0.791016 0.791211 0.637891 1.09102 0.2 33.2266
S
-2.52487 -1.66943 -28.684 -0.728711
0.518555 0.319336 0.332031 0.818555 0.619336 0.632031 0.2 70.9219
S
3.55376 -1.94532 -22.3574 0.41582
0.576172 0.701172 0.134766 0.876172 1.00117 0.434766 0.2 168.773
S
3.05767 1.84223 -30.9782 -0.375195
0.967773 0.104492 0.460938 1.26777 0.404492 0.760938 0.2 78.9297
S
5.66085 -7.39652 -25.311 0.646289
0.375 0.756836 0.714844 0.675 1.05684 1.01484 0.2 170.141
S
-0.678413 4.13869 -27.5693 0.028125
0.0292969 0.106445 0.822266 0.329297 0.406445 1.12227 0.2 166.43
S
5.26885 -6.3984 -25.8635 -0.580273
0.822266 0.477539 0.620117 1.12227 0.777539 0.920117 0.2 88.5
S
-1.40881 -3.77108 -23.929 1.07988
0.347656 0.552734 0.268555 0.647656 0.852734 0.568555 0.2 61.5469
S
2.49482 2.44015 -26.6223 0.236133
0.426758 0.0332031 0.19043 0.726758 0.333203 0.49043 0.2 17.0156
S
5.37376 -3.55552 -23.3855 -0.507031
0.691406 0.925781 0.535156 0.991406 1.22578 0.835156 0.2 180.102
S
2.50881 -5.6799 -30.3593 1.18242
0.625 0.296875 0.455078 0.925 0.596875 0.755078 0.2 143.773
S
2.23737 -1.98766 -30.5486 -0.29707
0.978516 0.43457 0.804688 1.27852 0.73457 1.10469 0.2 123.07
S
3.49965 3.2502 -23.1347 0.0232422
0.585938 0.384766 0.743164 0.885938 0.684766 1.04316 0.2 19.3594
S
6.97985 2.49778 -26.5726 -0.462109
0.416992 0.665039 0.557617 0.716992 0.965039 0.857617 0.2 45.3359
S
1.14197 -2.76438 -23.9855 1.09258
0.46875 0.748047 0.821289 0.76875 1.04805 1.12129 0.2 76.1953
S
-0.168154 -0.780798 -23.3769 0.457813
0.77832 0.0693359 0.647461 1.07832 0.369336 0.947461 0.2 195.336
S
1.50791 -2.99697 -26.2875 0.269336
0.686523 0.405273 0.976562 0.986523 0.705273 1.27656 0.2 144.359
S
2.82251 3.64102 -30.6669 0.70293
0.158203 0.503906 0.275391 0.458203 0.803906 0.575391 0.2 129.125
S
3.74667 -3.33059 -31.128 -0.0705078
0.676758 0.570312 0.353516 0.976758 0.870313 0.653516 0.2 9.78906
S
-0.86618 1.83684 -27.8843 -0.248242
0.410156 0.860352 0.419922 0.710156 1.16035 0.719922 0.2 22.2891
S
6.77448 -1.96806 -22.7043 -0.180859
0.973633 0.938477 0.665039 1.27363 1.23848 0.965039 0.2 178.539
S
1.56063 -0.455515 -21.4755 1.15703
0.114258 0.660156 0.683594 0.414258 0.960156 0.983594 0.2 171.703
S
2.16308 3.50691 -25.5202 1.14434
0.00195312 0.770508 0.100586 0.301953 1.07051 0.400586 0.2 155.297
S
1.95637 0.778205 -29.0486 -0.681836
0.0263672 0.0976562 0.0107422 0.326367 0.397656 0.310742 0.2 182.055
S
2.69781 2.62539 -28.0143 -0.440625
0.0888672 0.140625 0.529297 0.388867 0.440625 0.829297 0.2 195.727
S
1.04044 -0.685391 -19.0646 -0.666211
0.575195 0.700195 0.719727 0.875195 1.0002 1.01973 0.2 62.5234
S
2.56899 -0.241511 -27.7279 1.06523
0.384766 0.536133 0.636719 0.684766 0.836133 0.936719 0.2 182.445
S
5.0301 -0.59037 -31.6864 0.82207
0.139648 0.22168 0.527344 0.439648 0.52168 0.827344 0.2 39.6719
S
2.01923 4.4377 -21.3496 0.305469
0.0898438 0.976562 0.131836 0.389844 1.27656 0.431836 0.2 169.359
S
3.12768 3.50745 -29.4869 -0.266797
0.415039 0.428711 0.225586 0.715039 0.728711 0.525586 0.2 144.555
S
2.27165 -5.22983 -31.177 0.311328
0.397461 0.78418 0.204102 0.697461 1.08418 0.504102 0.2 191.82
S
4.30568 -5.40212 -23.5194 -0.197461
0.364258 0.194336 0.795898 0.664258 0.494336 1.0959 0.2 34.9844
S
5.74294 -3.19562 -22.4565 -0.644727
0.371094 0.0664062 0.6875 0.671094 0.366406 0.9875 0.2 96.8984
S
0.335085 4.4006 -29.3557 0.795703
0.174805 0.238281 0.87793 0.474805 0.538281 1.17793 0.2 20.7266
S
-3.77521 1.40926 -27.4401 -0.301953
0.808594 0.216797 0.456055 1.10859 0.516797 0.756055 0.2 111.156
S
-1.74586 3.06551 -27.5387 0.466602
0.405273 0.949219 0.90332 0.705273 1.24922 1.20332 0.2 70.9219
S
-2.19366 -0.0200979 -23.9545 -0.131055
0.0966797 0.118164 0.851562 0.39668 0.418164 1.15156 0.2 56.4688
S
-2.40839 -2.24491 -23.7811 0.0955078
0.399414 0.25 0.796875 0.699414 0.55 1.09688 0.2 101.195
S
6.14412 -1.38086 -27.8716 -0.216016
0.0253906 0.540039 0.865234 0.325391 0.840039 1.16523 0.2 132.25
S
-1.86108 -2.66739 -23.8726 0.35625
0.762695 0.0185547 0.806641 1.0627 0.318555 1.10664 0.2 107.836
S
-0.958289 0.324916 -28.1271 -0.653516
0.729492 0.649414 0.423828 1.02949 0.949414 0.723828 0.2 91.2344
S
-0.695255 3.30447 -26.9827 1.11016
0.0458984 0.857422 0.59082 0.345898 1.15742 0.89082 0.2 165.258
S
0.703916 -5.4929 -28.8142 0.176563
0.0537109 0.460938 0.368164 0.353711 0.760938 0.668164 0.2 61.5469
S
7.19536 -1.6638 -23.5324 0.263477
0.426758 0.660156 0.402344 0.726758 0.960156 0.702344 0.2 125.414
S
5.25279 2.4297 -22.2721 -0.799023
0.150391 0.191406 0.452148 0.450391 0.491406 0.752148 0.2 133.422
S
6.05647 -4.96055 -25.0216 -0.266797
0.94043 0.981445 0.645508 1.24043 1.28145 0.945508 0.2 179.32
S
0.553251 -1.9361 -25.4748 -0.466992
0.296875 0.5 0.0292969 0.596875 0.8 0.329297 0.2 176.391
S
2.50583 -0.89151 -24.5877 0.826953
0.458008 0.783203 0.249023 0.758008 1.0832 0.549023 0.2 38.3047
S
3.06757 1.21343 -26.7559 0.933398
0.791992 0.733398 0.395508 1.09199 1.0334 0.695508 0.2 140.062
S
2.49724 4.04808 -29.403 -0.795117
0.0517578 0.416992 0.896484 0.351758 0.716992 1.19648 0.2 134.008
S
0.167731 -1.60513 -26.3731 -0.162305
0.736328 0.696289 0.239258 1.03633 0.996289 0.539258 0.2 64.4766
S
6.94631 -0.738011 -28.5494 0.321094
0.730469 0.807617 0.93457 1.03047 1.10762 1.23457 0.2 138.305
S
-1.15391 -0.568439 -29.0623 0.616992
0.0146484 0.441406 0.112305 0.314648 0.741406 0.412305 0.2 16.8203
S
5.33284 1.17012 -26.5078 0.556445
0.922852 0.0205078 0.69043 1.22285 0.320508 0.99043 0.2 53.7344
S
0.847634 -3.42038 -19.8533 -0.794141
0.946289 0.337891 0.323242 1.24629 0.637891 0.623242 0.2 74.4375
S
2.48013 1.99075 -20.8273 -0.461133
0.541992 0.6875 0.347656 0.841992 0.9875 0.647656 0.2 134.398
S
2.82458 2.34707 -24.8754 0.650195
0.860352 0.804688 0.470703 1.16035 1.10469 0.770703 0.2 91.4297
S
6.07334 -5.02133 -23.1058 0.658008
0.40918 0.594727 0.27832 0.70918 0.894727 0.57832 0.2 134.203
S
-2.44622 -3.86936 -27.1172 -0.794141
0.285156 0.662109 0.362305 0.585156 0.962109 0.662305 0.2 179.906
S
-3.54859 -3.2224 -27 -0.413281
0.921875 0.115234 0.947266 1.22188 0.415234 1.24727 0.2 98.2656
S
4.30385 -4.31265 -21.6258 0.922656
0.331055 0.507812 0.729492 0.631055 0.807813 1.02949 0.2 27.7578
S
-0.369909 5.40665 -26.9773 -0.104687
0.768555 0.0458984 0.0283203 1.06855 0.345898 0.32832 0.2 145.141
S
4.42144 -5.01406 -23.1907 0.154102
0.0302734 0.636719 0.152344 0.330273 0.936719 0.452344 0.2 9.39844
S
4.27543 -0.0412837 -24.5581 0.0320313
0.96582 0.397461 0.344727 1.26582 0.697461 0.644727 0.2 110.766
S
5.41876 0.545063 -25.5557 1.06328
0.800781 0.541992 0.270508 1.10078 0.841992 0.570508 0.2 181.859
S
0.327029 -3.84202 -27.2032 0.684375
0.901367 0.62793 0.205078 1.20137 0.92793 0.505078 0.2 154.32
S
1.65386 -0.414829 -26.7359 -0.774609
0.293945 0.568359 0.0166016 0.593945 0.868359 0.316602 0.2 191.43
S
0.461536 2.27028 -24.7099 -0.185742
0.724609 0.776367 0.837891 1.02461 1.07637 1.13789 0.2 149.633
S
0.970467 -3.46485 -30.3113 0.532031
0.0253906 0.150391 0.236328 0.325391 0.450391 0.536328 0.2 62.9141
S
1.87497 -5.98977 -30.9055 1.2
0.462891 0.379883 0.766602 0.762891 0.679883 1.0666 0.2 109.398
S
0.792778 3.74098 -26.9793 0.803516
0.945312 0.46582 0.650391 1.24531 0.76582 0.950391 0.2 60.375
S
-0.0487713 -3.60685 -22.7667 0.717578
0.24707 0.479492 0.774414 0.54707 0.779492 1.07441 0.2 143.969
S
7.72765 -2.58394 -25.3595 1.08672
0.256836 0.146484 0.422852 0.556836 0.446484 0.722852 0.2 71.8984
S
1.42029 1.38387 -26.7614 -0.648633
0.868164 0.587891 0.390625 1.16816 0.887891 0.690625 0.2 112.719
S
0.793273 0.142562 -30.0959 0.153125
0.441406 0.694336 0.65625 0.741406 0.994336 0.95625 0.2 130.688
S
6.26224 2.22836 -22.3066 0.176563
0.547852 0.642578 0.261719 0.847852 0.942578 0.561719 0.2 73.8516
S
1.64835 -3.10667 -24.0581 -0.520703
0.731445 0.828125 0.0751953 1.03145 1.12813 0.375195 0.2 117.016
S
4.57914 0.268928 -29.193 -0.0880859
0.981445 0.180664 0.152344 1.28145 0.480664 0.452344 0.2 25.0234
S
6.92343 1.58008 -22.9939 0.0310547
0.109375 0.489258 0.181641 0.409375 0.789258 0.481641 0.2 23.8516
S
1.6494 2.17323 -30.0044 0.114063
0.307617 0.352539 0.72168 0.607617 0.652539 1.02168 0.2 155.297
S
4.99267 1.97357 -29.539 1.16094
0.357422 0.431641 0.619141 0.657422 0.731641 0.919141 0.2 188.5
S
1.54308 -0.435636 -27.0905 0.182422
0.868164 0.801758 0.861328 1.16816 1.10176 1.16133 0.2 120.141
S
5.83604 -2.31398 -26.4546 1.08867
0.182617 0.583984 0.00292969 0.482617 0.883984 0.30293 0.2 129.906
S
0.899328 -2.76693 -27.6073 -0.641797
0.554688 0.163086 0.614258 0.854688 0.463086 0.914258 0.2 65.8438
S
2.60593 2.56093 -27.3167 0.923633
0.674805 0.0166016 0.661133 0.974805 0.316602 0.961133 0.2 66.2344
S
-3.75082 -3.28618 -26.4604 -0.700391
0.888672 0.831055 0.49707 1.18867 1.13105 0.79707 0.2 22.875
S
3.61982 -6.15794 -27.149 0.245898
0.84668 1 0.30957 1.14668 1.3 0.60957 0.2 124.828
S
5.28818 -2.20071 -22.9561 0.738086
0.914062 0.836914 0.786133 1.21406 1.13691 1.08613 0.2 110.57
S
-0.132866 -0.163812 -28.8392 0.580859
0.866211 0.836914 0.293945 1.16621 1.13691 0.593945 0.2 167.797
S
6.73708 2.45299 -22.1653 -0.542188
0.182617 0.563477 0.367188 0.482617 0.863477 0.667188 0.2 10.1797
S
-0.369759 4.86407 -28.4212 -0.472852
0.636719 0.21875 0.946289 0.936719 0.51875 1.24629 0.2 92.2109
S
7.35363 2.17019 -28.0401 -0.684766
0.885742 0.208008 0.433594 1.18574 0.508008 0.733594 0.2 12.7188
S
1.88463 4.4722 -28.4426 1.12383
0.421875 0.0273438 0.757812 0.721875 0.327344 1.05781 0.2 56.0781
S
7.17734 2.19016 -28.0034 0.423633
0.873047 0.650391 0.730469 1.17305 0.950391 1.03047 0.2 141.039
S
-0.170389 2.07835 -25.8423 0.276172
0.140625 0.427734 0.467773 0.440625 0.727734 0.767773 0.2 34.9844
S
6.77689 1.17315 -26.1646 -0.619336
0.265625 0.851562 0.121094 0.565625 1.15156 0.421094 0.2 42.7969
S
4.42468 0.373398 -28.251 0.370898
0.530273 0.52832 0.895508 0.830273 0.82832 1.19551 0.2 98.8516
S
5.6925 2.78898 -22.6702 -0.510938
0.227539 0.996094 0.411133 0.527539 1.29609 0.711133 0.2 189.086
S
4.78043 1.6723 -26.4978 0.703906
0.787109 0.548828 0.326172 1.08711 0.848828 0.626172 0.2 184.594
S
4.275 -2.5552 -31.2513 1.00859
0.80957 0.383789 0.400391 1.10957 0.683789 0.700391 0.2 120.531
S
5.58333 -0.991946 -24.1296 0.495898
0.786133 0.46875 0.806641 1.08613 0.76875 1.10664 0.2 190.648
S
4.12316 1.60391 -30.6752 0.774219
0.543945 0.174805 0.513672 0.843945 0.474805 0.813672 0.2 182.445
S
3.81674 4.25894 -23.242 1.02715
0.921875 0.915039 0.90918 1.22188 1.21504 1.20918 0.2 31.6641
S
1.32286 5.26616 -24.2619 1.05352
0.554688 0.561523 0.744141 0.854688 0.861523 1.04414 0.2 125.023
S
7.70023 -2.32243 -24.9619 -0.138867
0.297852 0.481445 0.391602 0.597852 0.781445 0.691602 0.2 129.906
S
2.50275 -0.693747 -24.3733 -0.233594
0.669922 0.268555 0.526367 0.969922 0.568555 0.826367 0.2 142.797
S
6.76546 -4.09205 -25.5082 0.539844
0.969727 0.444336 0.507812 1.26973 0.744336 0.807813 0.2 198.461
S
5.20946 -5.03815 -22.8307 0.369922
0.0146484 0.878906 0.549805 0.314648 1.17891 0.849805 0.2 178.93
S
0.376396 -5.21784 -27.7286 0.44707
0.293945 0.15918 0.108398 0.593945 0.45918 0.408398 0.2 146.703
S
-0.486406 6.01415 -26.9925 0.872852
0.15918 0.232422 0.381836 0.45918 0.532422 0.681836 0.2 180.688
S
4.10539 0.688653 -23.7837 -0.178906
0.637695 0.933594 0.366211 0.937695 1.23359 0.666211 0.2 196.508
S
0.252755 -1.59462 -23.6264 -0.398633
0.379883 0.303711 0.708984 0.679883 0.603711 1.00898 0.2 86.9375
S
2.11932 -5.14921 -21.3451 -0.173047
1 0.291992 0.645508 1.3 0.591992 0.945508 0.2 200.219
S
3.31731 0.327341 -22.0121 0.857227
0.416016 0.0585938 0.758789 0.716016 0.358594 1.05879 0.2 187.523
S
0.569923 -5.37382 -27.0679 -0.462109
0.132812 0.321289 0.685547 0.432812 0.621289 0.985547 0.2 97.0938
S
2.46534 -5.35372 -26.801 -0.35957
0.842773 0.211914 0.00976562 1.14277 0.511914 0.309766 0.2 185.57
S
3.16675 4.0644 -27.0163 -0.746289
0.535156 0.0585938 0.943359 0.835156 0.358594 1.24336 0.2 130.688
S
1.47617 -4.78874 -31.4569 0.32207
0.208984 0.767578 0.189453 0.508984 1.06758 0.489453 0.2 47.6797
S
6.27318 -2.46066 -27.487 -0.699414
0.197266 0.418945 0.379883 0.497266 0.718945 0.679883 0.2 4.51562
S
6.04819 -1.61655 -25.1721 0.236133
0.24707 0.533203 0.113281 0.54707 0.833203 0.413281 0.2 39.8672
S
4.7624 -3.65329 -28.2256 0.028125
0.125 0.0839844 0.179688 0.425 0.383984 0.479687 0.2 84.5938
S
5.79536 -0.0195858 -23.3396 0.639453
0.0439453 0.107422 0.793945 0.343945 0.407422 1.09395 0.2 185.766
S
1.84014 0.298491 -30.7968 1.1668
0.271484 0.356445 0.0166016 0.571484 0.656445 0.316602 0.2 122.68
S
1.27457 4.29904 -26.2328 0.136523
0.0927734 0.757812 0.742188 0.392773 1.05781 1.04219 0.2 160.766
S
-0.0387205 -2.5708 -24.2914 -0.350781
0.516602 0.791016 0.03125 0.816602 1.09102 0.33125 0.2 167.992
S
2.26492 -2.42289 -22.2491 -0.446484
0.626953 0.810547 0.723633 0.926953 1.11055 1.02363 0.2 121.703
S
-1.90118 0.533955 -26.6218 1.04863
0.0566406 0.345703 0.457031 0.356641 0.645703 0.757031 0.2 26.3906
S
-4.78404 -1.87718 -27.0737 -0.106641
0.858398 0.804688 0.105469 1.1584 1.10469 0.405469 0.2 87.5234
S
9.5417 -0.523708 -24.5485 1.1209
0.868164 0.0878906 0.914062 1.16816 0.387891 1.21406 0.2 106.664
S
6.08148 -5.66624 -23.341 0.473438
0.5 0.841797 0.669922 0.8 1.1418 0.969922 0.2 76.9766
S
-1.28716 4.0003 -25.8216 0.600391
0.37793 0.924805 0.472656 0.67793 1.2248 0.772656 0.2 33.8125
S
5.18173 3.9091 -21.4848 1.08379
0.606445 0.249023 0.31543 0.906445 0.549023 0.61543 0.2 41.2344
S
3.33379 0.499633 -27.5721 0.00566406
0.890625 0.195312 0.666016 1.19063 0.495312 0.966016 0.2 152.172
S
0.725672 3.09601 -23.8588 1.19414
0.626953 0.301758 0.386719 0.926953 0.601758 0.686719 0.2 34.9844
S
1.56286 0.800644 -29.3525 -0.692578
0.00683594 0.242188 0.271484 0.306836 0.542188 0.571484 0.2 7.44531
S
2.16085 -2.53319 -26.2237 0.940234
0.878906 0.769531 0.460938 1.17891 1.06953 0.760938 0.2 90.4531
S
3.58869 -3.45636 -24.6084 0.736133
0.9375 0.691406 0.291992 1.2375 0.991406 0.591992 0.2 89.6719
S
-2.98282 -3.18865 -25.4725 -0.520703
0.0185547 0.164062 0.109375 0.318555 0.464062 0.409375 0.2 150.805
S
7.5859 1.39768 -23.2687 0.451953
0.90332 0.126953 0.716797 1.20332 0.426953 1.0168 0.2 89.6719
S
5.35587 2.08569 -25.7937 -0.666211
0.428711 0.722656 0.313477 0.728711 1.02266 0.613477 0.2 29.7109
S
-2.5094 1.66155 -25.9196 0.242969
0.736328 0.683594 0.599609 1.03633 0.983594 0.899609 0.2 129.516
S
3.70333 4.85572 -20.1137 0.222461
0.313477 0.0302734 0.228516 0.613477 0.330273 0.528516 0.2 112.719
S
2.01159 2.97284 -25.902 -0.33418
0.753906 0.0927734 0.90918 1.05391 0.392773 1.20918 0.2 199.242
S
2.29558 2.82508 -29.9759 0.919727
0.18457 0.170898 0.423828 0.48457 0.470898 0.723828 0.2 159.984
S
2.33693 -0.0197426 -26.3871 -0.190625
0.348633 0.563477 0.748047 0.648633 0.863477 1.04805 0.2 69.9453
S
1.98438 2.33633 -20.9254 1.09941
0.202148 0.550781 0.457031 0.502148 0.850781 0.757031 0.2 115.258
S
-2.74378 1.01531 -27.9552 0.0300781
0.359375 0.946289 0.161133 0.659375 1.24629 0.461133 0.2 131.078
S
3.36802 -1.14646 -24.0559 1.05449
0.810547 0.946289 0.649414 1.11055 1.24629 0.949414 0.2 64.2812
S
1.54635 0.472261 -23.202 0.76543
0.0771484 0.544922 0.779297 0.377148 0.844922 1.0793 0.2 102.758
S
5.55802 -6.09367 -25.8643 0.118945
0.65332 0.134766 0.509766 0.95332 0.434766 0.809766 0.2 85.5703
S
-1.33111 0.0934554 -27.6626 -0.308789
0.526367 0.0908203 0.858398 0.826367 0.39082 1.1584 0.2 103.539
S
7.38754 2.16014 -25.8874 1.08184
0.457031 0.015625 0.43457 0.757031 0.315625 0.73457 0.2 126.781
S
7.15855 -5.38995 -23.6083 -0.375195
0.402344 0.84375 0.933594 0.702344 1.14375 1.23359 0.2 24.8281
S
3.47771 3.46375 -31.17 -0.399609
0.793945 0.47168 0.823242 1.09395 0.77168 1.12324 0.2 68.5781
S
1.01246 0.309469 -19.7997 0.729297
0.165039 0.969727 0.0419922 0.465039 1.26973 0.341992 0.2 48.2656
S
-0.354395 -1.81812 -23.4748 0.1375
0.424805 0.682617 0.308594 0.724805 0.982617 0.608594 0.2 15.6484
S
3.28504 -3.93662 -24.5467 0.143359
0.399414 0.285156 0.9375 0.699414 0.585156 1.2375 0.2 91.625
S
2.06194 2.18507 -19.9692 0.0320313
0.371094 0.676758 0.830078 0.671094 0.976758 1.13008 0.2 137.914
S
5.38509 -6.32122 -26.9318 0.116016
0.966797 0.744141 0.847656 1.2668 1.04414 1.14766 0.2 90.4531
S
2.80231 0.617377 -29.1985 -0.711133
0.046875 0.693359 0.0146484 0.346875 0.993359 0.314648 0.2 102.367
S
1.39776 0.518717 -22.2723 -0.464062
0.650391 0.498047 0.789062 0.950391 0.798047 1.08906 0.2 145.727
S
4.08256 -4.84271 -26.5649 -0.573438
0.319336 0.27832 0.911133 0.619336 0.57832 1.21113 0.2 15.0625
S
4.95174 -2.91221 -21.6535 0.442188
0.379883 0.861328 0.310547 0.679883 1.16133 0.610547 0.2 192.211
S
-0.114825 -2.18415 -29.4176 -0.438672
0.232422 0.146484 0.145508 0.532422 0.446484 0.445508 0.2 141.82
S
-3.55084 -1.00881 -27.7838 0.363086
0.788086 0.829102 0.439453 1.08809 1.1291 0.739453 0.2 78.3438
S
1.42142 -2.38692 -21.7044 -0.00996094
0.825195 0.523438 0.860352 1.1252 0.823438 1.16035 0.2 21.1172
S
4.92705 -0.44396 -30.8359 -0.772656
0.984375 0.0322266 0.929688 1.28438 0.332227 1.22969 0.2 79.5156
S
3.27545 4.39635 -20.9159 0.0740234
0.348633 0.392578 0.422852 0.648633 0.692578 0.722852 0.2 28.7344
S
-1.07011 1.12319 -28.9863 -0.114453
0.554688 0.462891 0.928711 0.854688 0.762891 1.22871 0.2 184.398
S
6.53635 2.52576 -29.1856 1.03496
0.208008 0.433594 0.0644531 0.508008 0.733594 0.364453 0.2 172.094
S
7.06844 0.749959 -22.9214 -0.403516
0.689453 0.952148 0.788086 0.989453 1.25215 1.08809 0.2 117.602
S
7.13846 1.77578 -26.2465 0.70293
0.851562 0.868164 0.635742 1.15156 1.16816 0.935742 0.2 9.98438
S
3.1452 2.32599 -21.2911 0.129688
0.849609 0.801758 0.15332 1.14961 1.10176 0.45332 0.2 172.875
S
5.4282 -4.53642 -23.8814 -0.106641
0.880859 0.370117 0.452148 1.18086 0.670117 0.752148 0.2 94.75
S
-1.63423 -3.6685 -24.1299 -0.58125
0.618164 0.28418 0.364258 0.918164 0.58418 0.664258 0.2 93.7734
S
5.29142 1.3602 -32.5381 -0.395703
0.793945 0.59668 0.449219 1.09395 0.89668 0.749219 0.2 145.336
S
4.2377 -0.313851 -25.3751 -0.160352
0.0195312 0.945312 0.500977 0.319531 1.24531 0.800977 0.2 107.836
S
-1.33889 -1.98275 -22.6918 0.926562
0.176758 0.707031 0.742188 0.476758 1.00703 1.04219 0.2 54.7109
S
4.96922 2.80247 -26.8195 -0.281445
0.900391 0.585938 0.0546875 1.20039 0.885938 0.354687 0.2 169.75
S
0.807122 -2.98028 -27.5755 0.506641
0.496094 0.990234 0.584961 0.796094 1.29023 0.884961 0.2 143.773
S
1.23502 -1.15106 -25.4122 -0.630078
0.15332 0.424805 0.364258 0.45332 0.724805 0.664258 0.2 110.18
S
2.31522 -4.62244 -30.9207 -0.358594
0.500977 0.5625 0.172852 0.800977 0.8625 0.472852 0.2 128.344
S
-4.12849 -1.24189 -26.8141 0.721484
0.708984 0.208984 0.677734 1.00898 0.508984 0.977734 0.2 45.3359
S
-0.0341282 4.24685 -26.1668 0.998828
0.751953 0.887695 0.915039 1.05195 1.1877 1.21504 0.2 88.5
S
4.34522 -0.752613 -23.1831 0.950977
0.564453 0.757812 0.794922 0.864453 1.05781 1.09492 0.2 190.258
S
0.996751 5.17774 -26.8072 0.736133
0.178711 0.667969 0.172852 0.478711 0.967969 0.472852 0.2 112.328
S
4.60962 -5.64368 -22.0025 0.7
0.462891 0.642578 0.279297 0.762891 0.942578 0.579297 0.2 33.2266
S
0.825022 -5.00917 -27.4494 -0.671094
0.360352 0.27832 0.56543 0.660352 0.57832 0.86543 0.2 148.07
S
-0.701831 -3.77155 -30.0004 -0.633008
0.414062 0.780273 0.779297 0.714063 1.08027 1.0793 0.2 90.8438
S
2.29584 1.61386 -25.2519 0.625781
0.617188 0.841797 0.868164 0.917188 1.1418 1.16816 0.2 166.43
S
6.44221 -5.09391 -24.6791 -0.777539
0.474609 0.606445 0.138672 0.774609 0.906445 0.438672 0.2 72.0938
S
4.37638 -4.99486 -24.573 0.200977
0.779297 0.0488281 0.265625 1.0793 0.348828 0.565625 0.2 191.43
S
3.09837 2.77916 -30.5839 0.834766
0.5 0.660156 0.0839844 0.8 0.960156 0.383984 0.2 180.102
S
0.250642 0.523635 -21.0674 0.636523
0.772461 0.397461 0.609375 1.07246 0.697461 0.909375 0.2 143.578
S
5.02559 -2.86301 -23.1512 -0.0949219
0.674805 0.40332 0.94043 0.974805 0.70332 1.24043 0.2 64.2812
S
4.85133 2.68164 -30.4576 -0.48457
0.408203 0.582031 0.732422 0.708203 0.882031 1.03242 0.2 38.5
S
-0.824994 1.46806 -26.605 -0.437695
0.273438 0.530273 0.533203 0.573438 0.830273 0.833203 0.2 157.055
S
5.69829 -5.63446 -26.9899 1.02617
0.393555 0.173828 0.539062 0.693555 0.473828 0.839063 0.2 76.3906
S
6.30839 2.49847 -25.4386 0.983203
0.871094 0.387695 0.0986328 1.17109 0.687695 0.398633 0.2 194.359
S
2.55108 -0.815288 -29.8719 0.722461
0.00195312 0.450195 0.665039 0.301953 0.750195 0.965039 0.2 173.07
S
-0.0307077 0.482478 -28.5254 0.862109
0.688477 0.311523 0.442383 0.988477 0.611523 0.742383 0.2 183.227
S
3.7835 0.866319 -21.8457 -0.722852
0.485352 0.276367 0.299805 0.785352 0.576367 0.599805 0.2 119.75
S
0.756973 2.98774 -21.8734 -0.378125
0.415039 0.525391 0.612305 0.715039 0.825391 0.912305 0.2 131.859
S
1.64982 -4.69735 -20.7136 0.0876953
0.21875 0.797852 0.251953 0.51875 1.09785 0.551953 0.2 169.945
S
4.54836 -1.16712 -22.1354 0.494922
0.658203 0.259766 0.205078 0.958203 0.559766 0.505078 0.2 132.445
S
-0.960402 -4.41856 -27.5947 0.604297
0.782227 0.120117 0.00292969 1.08223 0.420117 0.30293 0.2 47.2891
S
0.374072 -0.28574 -23.2442 -0.2375
0.152344 0.577148 0.0917969 0.452344 0.877148 0.391797 0.2 53.3438
S
4.85641 2.68397 -22.8345 0.66582
0.0234375 0.626953 0.620117 0.323437 0.926953 0.920117 0.2 192.992
S
4.19088 -3.36653 -25.5517 0.200977
0.303711 0.541016 0.34375 0.603711 0.841016 0.64375 0.2 77.9531
S
2.24501 -3.47175 -31.6414 0.819141
0.117188 0.015625 0.613281 0.417187 0.315625 0.913281 0.2 194.945
S
2.98446 -3.41703 -28.7144 -0.563672
0.15332 0.5 0.0253906 0.45332 0.8 0.325391 0.2 81.0781
S
2.23948 3.41543 -25.6411 0.451953
0.0273438 0.514648 0.210938 0.327344 0.814648 0.510938 0.2 137.914
S
-0.566003 -4.06331 -22.5437 -0.180859
0.0761719 0.339844 0.233398 0.376172 0.639844 0.533398 0.2 135.961
S
7.09826 0.71399 -22.5857 0.504687
0.732422 0.669922 0.334961 1.03242 0.969922 0.634961 0.2 132.25
S
6.47572 -7.3288 -23.763 0.25957
0.426758 0.132812 0.540039 0.726758 0.432812 0.840039 0.2 141.43
S
2.7593 -3.50108 -26.4973 -0.360547
0.810547 0.835938 0.245117 1.11055 1.13594 0.545117 0.2 147.484
S
-1.78272 3.22573 -26.3374 0.752734
0.269531 0.584961 0.87793 0.569531 0.884961 1.17793 0.2 31.6641
S
4.7276 -1.3279 -30.1855 0.304492
0.848633 0.791992 0.239258 1.14863 1.09199 0.539258 0.2 189.477
S
0.0813346 -3.38957 -23.9751 0.345508
0.519531 0.576172 0.152344 0.819531 0.876172 0.452344 0.2 3.73438
S
6.91484 -2.21819 -25.9541 -0.0890625
0.964844 0.820312 0.556641 1.26484 1.12031 0.856641 0.2 82.25
S
1.25379 3.61092 -29.2293 0.180469
0.621094 0.976562 0.866211 0.921094 1.27656 1.16621 0.2 44.1641
S
-2.39766 -3.3046 -27.1776 1.19512
0.617188 0.0800781 0.947266 0.917188 0.380078 1.24727 0.2 180.688
S
2.34259 -4.5811 -24.71 0.451953
0.254883 0.905273 0.761719 0.554883 1.20527 1.06172 0.2 130.297
S
1.68479 -5.7255 -29.6906 1.05937
0.841797 0.199219 0.547852 1.1418 0.499219 0.847852 0.2 182.641
S
0.0179878 -2.68807 -24.0919 1.17363
0.37793 0.206055 0.189453 0.67793 0.506055 0.489453 0.2 107.836
S
1.55513 -5.03996 -28.9065 -0.620313
0.412109 0.486328 0.71875 0.712109 0.786328 1.01875 0.2 136.938
S
4.62375 -5.29855 -24.2451 -0.372266
0.62207 0.810547 0.926758 0.92207 1.11055 1.22676 0.2 104.32
S
0.383459 -1.99699 -22.4268 0.514453
0.230469 0.828125 0.40625 0.530469 1.12813 0.70625 0.2 35.9609
S
1.30133 3.02417 -25.5459 0.247852
0.68457 0.988281 0.513672 0.98457 1.28828 0.813672 0.2 97.0938
S
6.93075 -5.41629 -25.0854 -0.716016
0.512695 0.94043 0.595703 0.812695 1.24043 0.895703 0.2 167.016
S
4.35599 -4.5923 -29.6664 0.29082
0.787109 0.330078 0.392578 1.08711 0.630078 0.692578 0.2 52.9531
S
5.08484 -2.92379 -29.9613 -0.468945
0.810547 0.980469 0.15625 1.11055 1.28047 0.45625 0.2 153.734
S
8.06806 -0.435486 -27.1711 -0.657422
0.942383 0.203125 0.623047 1.24238 0.503125 0.923047 0.2 88.6953
S
5.45334 -0.643254 -24.2966 0.457813
0.223633 0.926758 0.427734 0.523633 1.22676 0.727734 0.2 62.7188
S
-1.05011 -3.39195 -19.4456 0.89043
0.305664 0.611328 0.0507812 0.605664 0.911328 0.350781 0.2 159.789
S
3.7293 1.60277 -31.0963 -0.618359
0.50293 0.280273 0.583008 0.80293 0.580273 0.883008 0.2 193.383
S
2.5635 -2.65114 -31.1982 0.377734
0.50293 0.727539 0.383789 0.80293 1.02754 0.683789 0.2 54.5156
S
-1.88282 1.25131 -25.5713 -0.566602
0.93457 0.952148 0.0751953 1.23457 1.25215 0.375195 0.2 194.75
S
1.0912 -5.02086 -21.6582 -0.130078
0.0947266 0.392578 0.536133 0.394727 0.692578 0.836133 0.2 94.1641
S
4.43867 3.57299 -22.3304 0.833789
0.869141 0.935547 0.594727 1.16914 1.23555 0.894727 0.2 21.7031
S
1.90254 -5.16062 -30.1732 -0.539258
0.425781 0.103516 0.52832 0.725781 0.403516 0.82832 0.2 113.891
S
-1.90706 1.21533 -24.7263 0.299609
0.995117 0.592773 0.0683594 1.29512 0.892773 0.368359 0.2 197.289
S
2.14465 3.19406 -26.8668 0.593555
0.333984 0.115234 0.140625 0.633984 0.415234 0.440625 0.2 93.7734
S
-0.493665 -3.00945 -23.6977 0.772266
0.429688 0.307617 0.324219 0.729688 0.607617 0.624219 0.2 134.008
S
2.69208 2.35115 -27.6379 1.01641
0.852539 0.876953 0.748047 1.15254 1.17695 1.04805 0.2 23.4609
S
6.45573 2.47267 -21.6865 -0.619336
0.486328 0.0546875 0.837891 0.786328 0.354687 1.13789 0.2 38.5
S
-1.70154 -3.39113 -28.2537 0.314258
0.927734 0.0654297 0.421875 1.22773 0.36543 0.721875 0.2 127.172
S
4.49848 -4.84831 -26.26 -0.658398
0.632812 0.87793 0.523438 0.932813 1.17793 0.823438 0.2 49.4375
S
2.16051 0.126467 -27.799 -0.113477
0.194336 0.173828 0.573242 0.494336 0.473828 0.873242 0.2 75.0234
S
4.55996 -5.64112 -24.3863 -0.540234
0.384766 0.712891 0.0722656 0.684766 1.01289 0.372266 0.2 121.898
S
5.90696 0.485872 -24.4586 -0.347852
0.657227 0.912109 0.916992 0.957227 1.21211 1.21699 0.2 183.812
S
-0.234974 -4.16872 -30.0984 -0.669141
0.162109 0.46875 0.111328 0.462109 0.76875 0.411328 0.2 200.219
S
2.32998 -4.21408 -27.9411 -0.003125
0.710938 0.745117 0.833008 1.01094 1.04512 1.13301 0.2 193.969
S
1.90213 -5.43696 -30.1359 -0.370312
0.430664 0.367188 0.174805 0.730664 0.667188 0.474805 0.2 192.016
S
-0.670957 2.58449 -26.7551 0.186328
0.577148 0.509766 0.0996094 0.877148 0.809766 0.399609 0.2 163.695
S
-0.86959 -3.72188 -28.1429 0.136523
0.486328 0.205078 0.0673828 0.786328 0.505078 0.367383 0.2 18.7734
S
7.83215 -1.08562 -23.6237 0.156055
0.869141 0.947266 0.00878906 1.16914 1.24727 0.308789 0.2 137.719
S
-0.102437 -4.23978 -29.8502 0.401172
0.347656 0.0615234 0.15625 0.647656 0.361523 0.45625 0.2 60.375
S
2.40646 -2.66504 -30.068 0.896289
0.947266 0.182617 0.882812 1.24727 0.482617 1.18281 0.2 166.43
S
0.744918 4.91601 -25.1369 0.824023
0.40332 0.696289 0.287109 0.70332 0.996289 0.587109 0.2 186.938
S
0.49447 -1.36769 -24.4312 0.378711
0.348633 0.983398 0.137695 0.648633 1.2834 0.437695 0.2 116.625
S
3.42737 -2.49489 -22.8244 1.15508
0.914062 0.22168 0.250977 1.21406 0.52168 0.550977 0.2 38.5
S
5.71374 1.21108 -27.8827 -0.405469
0.283203 0.234375 0.77832 0.583203 0.534375 1.07832 0.2 30.1016
S
1.32424 -0.228191 -27.9278 -0.431836
0.319336 0.191406 0.561523 0.619336 0.491406 0.861523 0.2 199.047
S
3.15468 -5.38696 -25.7594 -0.358594
0.480469 0.969727 0.136719 0.780469 1.26973 0.436719 0.2 44.3594
S
-0.0262049 0.426936 -25.5375 0.118945
0.263672 0.988281 0.893555 0.563672 1.28828 1.19355 0.2 122.094
S
3.95755 -3.76553 -21.1362 -0.561719
0.754883 0.779297 0.0927734 1.05488 1.0793 0.392773 0.2 57.0547
S
4.56832 -2.90186 -26.6714 1.08574
0.238281 0.525391 0.875977 0.538281 0.825391 1.17598 0.2 90.8438
S
2.77556 -0.799371 -25.862 -0.330273
0.0751953 0.854492 0.251953 0.375195 1.15449 0.551953 0.2 184.984
S
7.73999 0.222481 -28.5358 0.803516
0.977539 0.105469 0.208984 1.27754 0.405469 0.508984 0.2 101
S
7.10106 2.42311 -23.5186 1.04961
0.427734 0.169922 0.431641 0.727734 0.469922 0.731641 0.2 74.4375
S
5.14818 0.942772 -29.7254 0.362109
0.180664 0.605469 0.712891 0.480664 0.905469 1.01289 0.2 167.211
S
-0.334025 -1.912 -26.2953 -0.286328
0.441406 0.890625 0.40625 0.741406 1.19063 0.70625 0.2 21.3125
S
1.80548 -5.61262 -28.9007 1.05742
0.301758 0.710938 0.356445 0.601758 1.01094 0.656445 0.2 42.6016
S
2.24326 -0.345522 -27.5271 -0.454297
0.924805 0.209961 0.0214844 1.2248 0.509961 0.321484 0.2 135.961
S
5.98354 -1.48073 -24.9431 -0.755078
0.891602 0.199219 0.786133 1.1916 0.499219 1.08613 0.2 67.2109
S
2.26455 -5.10954 -21.2636 -0.338086
0.257812 0.561523 0.360352 0.557813 0.861523 0.660352 0.2 76.5859
S
6.60297 2.22014 -30.603 -0.0714844
0.572266 0.834961 0.520508 0.872266 1.13496 0.820508 0.2 102.953
S
-0.857039 1.36047 -24.3381 0.0535156
0.371094 0.814453 0.178711 0.671094 1.11445 0.478711 0.2 153.734
S
-1.10508 -1.01752 -27.7941 0.403125
0.863281 0.504883 0.46582 1.16328 0.804883 0.76582 0.2 154.32
S
-2.40655 -0.559855 -27.2837 -0.711133
0.183594 0.587891 0.289062 0.483594 0.887891 0.589063 0.2 31.6641
S
3.82135 -3.55875 -23.4954 0.221484
0.0244141 0.0957031 0.511719 0.324414 0.395703 0.811719 0.2 191.625
S
-0.901145 -0.480047 -24.7674 -0.171094
0.837891 0.985352 0.135742 1.13789 1.28535 0.435742 0.2 95.7266
S
3.08024 0.743293 -27.6382 -0.287305
0.639648 0.210938 0.720703 0.939648 0.510938 1.0207 0.2 3.73438
S
-0.312847 -2.47771 -23.851 -0.395703
0.90625 0.786133 0.250977 1.20625 1.08613 0.550977 0.2 109.594
S
0.90994 -0.00708342 -27.1532 1.19902
0.921875 0.923828 0.952148 1.22188 1.22383 1.25215 0.2 36.9375
S
4.87784 1.79767 -21.9252 -0.214062
0.256836 0.328125 0.94043 0.556836 0.628125 1.24043 0.2 79.5156
S
2.14932 -4.52565 -20.754 0.657031
0.947266 0.81543 0.556641 1.24727 1.11543 0.856641 0.2 108.031
S
7.55176 -1.03351 -23.1405 -0.0158203
0.303711 0.19043 0.672852 0.603711 0.49043 0.972852 0.2 145.336
S
2.43057 4.38442 -29.028 1.13848
0.0322266 0.771484 0.118164 0.332227 1.07148 0.418164 0.2 79.3203
S
4.77001 -1.2019 -21.3356 0.930469
0.597656 0.962891 0.123047 0.897656 1.26289 0.423047 0.2 83.8125
S
2.85857 0.290742 -26.4474 -0.0792969
0.211914 0.313477 0.744141 0.511914 0.613477 1.04414 0.2 181.469
S
-0.898923 1.83399 -25.1115 -0.664258
0.385742 0.0136719 0.585938 0.685742 0.313672 0.885938 0.2 81.4688
S
0.391654 -4.45657 -23.0161 0.0730469
0.0810547 0.541992 0.735352 0.381055 0.841992 1.03535 0.2 182.25
S
0.492903 -1.38551 -20.8819 0.180469
0.720703 0.241211 0.605469 1.0207 0.541211 0.905469 0.2 11.5469
