512 512
2.00702 130.606 8.38791
-2.17919 123.862 14.6324
-0.44969 -0.982591 -1.68294
1.81859 -0.832294 0
91.4628 85.7705 -108.177 1
1
61
S
-13.5002 96.722 29.938 1.5
0.4 0 0 0.2 0 0 0.4 10
S
-13.3108 96.6416 29.9469 1.5
0.4 0 0 0.2 0 0 0.4 10
S
-13.1187 96.5725 29.9736 1.5
0.4 0 0 0.2 0 0 0.4 10
S
-12.9259 96.5154 30.0177 1.5
0.4 0 0 0.2 0 0 0.4 10
S
-12.7343 96.4709 30.0788 1.5
0.4 0 0 0.2 0 0 0.4 10
S
-12.5462 96.4395 30.1563 1.5
0.4 0 0 0.2 0 0 0.4 10
S
-12.3633 96.4215 30.2492 1.5
0.4 0 0 0.2 0 0 0.4 10
S
-12.1878 96.4171 30.3568 1.5
0.4 0 0 0.2 0 0 0.4 10
S
-12.0214 96.4263 30.4777 1.5
0.4 0 0 0.2 0 0 0.4 10
S
-11.8659 96.4491 30.6107 1.5
0.4 0 0 0.2 0 0 0.4 10
S
-11.723 96.4852 30.7545 1.5
0.4 0 0 0.2 0 0 0.4 10
S
-11.5941 96.5342 30.9074 1.5
0.4 0 0 0.2 0 0 0.4 10
S
-11.4807 96.5956 31.0679 1.5
0.4 0 0 0.2 0 0 0.4 10
S
-11.3839 96.6688 31.2343 1.5
0.4 0 0 0.2 0 0 0.4 10
S
-11.3048 96.753 31.4047 1.5
0.4 0 0 0.2 0 0 0.4 10
S
-11.2441 96.8472 31.5775 1.5
0.4 0 0 0.2 0 0 0.4 10
S
-11.2027 96.9505 31.7507 1.5
0.4 0 0 0.2 0 0 0.4 10
S
-11.1808 97.0619 31.9225 1.5
0.4 0 0 0.2 0 0 0.4 10
S
-11.1787 97.18 32.0912 1.5
0.4 0 0 0.2 0 0 0.4 10
S
-11.1965 97.3037 32.2548 1.5
0.4 0 0 0.2 0 0 0.4 10
S
-11.2339 97.4316 32.4118 1.5
0.4 0 0 0.2 0 0 0.4 10
S
-11.2906 97.5625 32.5603 1.5
0.4 0 0 0.2 0 0 0.4 10
S
-11.3659 97.6948 32.6989 1.5
0.4 0 0 0.2 0 0 0.4 10
S
-11.4591 97.8273 32.8261 1.5
0.4 0 0 0.2 0 0 0.4 10
S
-11.5692 97.9584 32.9405 1.5
0.4 0 0 0.2 0 0 0.4 10
S
-11.695 98.0869 33.0409 1.5
0.4 0 0 0.2 0 0 0.4 10
S
-11.8351 98.2113 33.1262 1.5
0.4 0 0 0.2 0 0 0.4 10
S
-11.9881 98.3303 33.1956 1.5
0.4 0 0 0.2 0 0 0.4 10
S
-12.1524 98.4427 33.2483 1.5
0.4 0 0 0.2 0 0 0.4 10
S
-12.3262 98.5473 33.2838 1.5
0.4 0 0 0.2 0 0 0.4 10
S
-12.5076 98.6429 33.3016 1.5
0.4 0 0 0.2 0 0 0.4 10
S
-12.6949 98.7286 33.3016 1.5
0.4 0 0 0.2 0 0 0.4 10
S
-12.8859 98.8035 33.2838 1.5
0.4 0 0 0.2 0 0 0.4 10
S
-13.0786 98.8667 33.2484 1.5
0.4 0 0 0.2 0 0 0.4 10
S
-13.2711 98.9175 33.1957 1.5
0.4 0 0 0.2 0 0 0.4 10
S
-13.4612 98.9556 33.1264 1.5
0.4 0 0 0.2 0 0 0.4 10
S
-13.6469 98.9803 33.041 1.5
0.4 0 0 0.2 0 0 0.4 10
S
-13.8264 98.9916 32.9407 1.5
0.4 0 0 0.2 0 0 0.4 10
S
-13.9976 98.9891 32.8263 1.5
0.4 0 0 0.2 0 0 0.4 10
S
-14.1587 98.9731 32.6991 1.5
0.4 0 0 0.2 0 0 0.4 10
S
-14.3082 98.9437 32.5606 1.5
0.4 0 0 0.2 0 0 0.4 10
S
-14.4443 98.9011 32.412 1.5
0.4 0 0 0.2 0 0 0.4 10
S
-14.5656 98.8458 32.2551 1.5
0.4 0 0 0.2 0 0 0.4 10
S
-14.6708 98.7784 32.0915 1.5
0.4 0 0 0.2 0 0 0.4 10
S
-14.7589 98.6996 31.9228 1.5
0.4 0 0 0.2 0 0 0.4 10
S
-14.8289 98.6103 31.751 1.5
0.4 0 0 0.2 0 0 0.4 10
S
-14.88 98.5114 31.5778 1.5
0.4 0 0 0.2 0 0 0.4 10
S
-14.9118 98.404 31.4051 1.5
0.4 0 0 0.2 0 0 0.4 10
S
-14.9238 98.2891 31.2346 1.5
0.4 0 0 0.2 0 0 0.4 10
S
-14.9159 98.168 31.0682 1.5
0.4 0 0 0.2 0 0 0.4 10
S
-14.8883 98.042 30.9077 1.5
0.4 0 0 0.2 0 0 0.4 10
S
-14.8412 97.9125 30.7548 1.5
0.4 0 0 0.2 0 0 0.4 10
S
-14.7751 97.7807 30.611 1.5
0.4 0 0 0.2 0 0 0.4 10
S
-14.6908 97.6481 30.4779 1.5
0.4 0 0 0.2 0 0 0.4 10
S
-14.589 97.5162 30.357 1.5
0.4 0 0 0.2 0 0 0.4 10
S
-14.471 97.3862 30.2494 1.5
0.4 0 0 0.2 0 0 0.4 10
S
-14.3379 97.2596 30.1564 1.5
0.4 0 0 0.2 0 0 0.4 10
S
-14.1911 97.1377 30.0789 1.5
0.4 0 0 0.2 0 0 0.4 10
S
-14.0323 97.0218 30.0178 1.5
0.4 0 0 0.2 0 0 0.4 10
S
-13.863 96.9132 29.9736 1.5
0.4 0 0 0.2 0 0 0.4 10
S
-13.6851 96.8129 29.9469 1.5
0.4 0 0 0.2 0 0 0.4 10
