512 512
63.9554 44.568 13.1964
60.6219 35.3396 10.8036
1.0088 0.293566 -1.70181
1.68051 -0.620834 0.889076
51.2656 17.2102 6.83092 0.36
0.36
40
T
59.74 -7.90616 -4.23046
54.7465 -9.35932 4.19348
51.4215 -4.83304 -8.63139
0.2 0.2 0.2 0.2 0.2 0.2 0.6 40
T
46.2935 -6.26983 -0.166807
54.612 -9.34295 4.23412
51.287 -4.81668 -8.59075
0.2 0.2 0.2 0.2 0.2 0.2 0.6 40
S
53.4669 -2.25568 0.961889 1.0877
0.0791016 0.249023 0.0722656 0.379102 0.549023 0.372266 0.2 154.906
S
51.3582 -1.80812 2.37139 -0.716992
0.513672 0.745117 0.52832 0.813672 1.04512 0.82832 0.2 137.328
S
57.614 -1.84373 -3.73335 -0.792188
0.223633 0.523438 0.475586 0.523633 0.823438 0.775586 0.2 23.4609
S
50.7028 -1.11762 2.5438 0.60332
0.450195 0.905273 0.196289 0.750195 1.20527 0.496289 0.2 181.078
S
53.1476 -1.7582 -2.08536 -0.728711
0.452148 0.0859375 0.84082 0.752148 0.385937 1.14082 0.2 133.422
S
58.8344 -1.69426 -2.01438 0.427539
0.914062 0.272461 0.0917969 1.21406 0.572461 0.391797 0.2 159.594
S
52.4283 -1.48812 0.868828 1.00664
0.651367 0.675781 0.0820312 0.951367 0.975781 0.382031 0.2 104.32
S
52.5056 -1.285 -1.42023 -0.363477
0.282227 0.30957 0.464844 0.582227 0.60957 0.764844 0.2 174.633
S
53.0502 -1.07981 -3.43769 0.0427734
0.436523 0.780273 0.496094 0.736523 1.08027 0.796094 0.2 30.8828
S
53.5784 6.71792 -2.06642 0.552539
0.521484 0.285156 0.145508 0.821484 0.585156 0.445508 0.2 180.297
S
51.6271 -2.53814 2.99012 -0.341016
0.269531 0.171875 0.0576172 0.569531 0.471875 0.357617 0.2 150.023
S
55.7323 4.34953 -1.26703 -0.632031
0.519531 0.226562 0.963867 0.819531 0.526563 1.26387 0.2 18.9688
S
55.8224 5.25012 -0.358167 0.658008
0.583984 0.724609 0.416992 0.883984 1.02461 0.716992 0.2 69.3594
S
52.8776 -0.537837 1.40811 0.337695
0.807617 0.746094 0.839844 1.10762 1.04609 1.13984 0.2 109.789
S
56.2518 -1.14002 5.46202 0.779102
0.220703 0.234375 0.0273438 0.520703 0.534375 0.327344 0.2 70.1406
S
52.3544 4.94101 -1.5319 0.878711
0.25293 0.376953 0.576172 0.55293 0.676953 0.876172 0.2 84.0078
S
56.7391 7.3292 -0.397266 0.276172
0.384766 0.459961 0.582031 0.684766 0.759961 0.882031 0.2 36.9375
S
58.2053 3.4999 6.52526 -0.258008
0.736328 0.523438 0.914062 1.03633 0.823438 1.21406 0.2 187.719
S
54.5384 -1.23196 3.63862 0.311328
0.824219 0.459961 0.543945 1.12422 0.759961 0.843945 0.2 70.7266
S
55.1062 1.70226 2.07699 1.19414
0.808594 0.450195 0.420898 1.10859 0.750195 0.720898 0.2 60.9609
S
52.3718 5.33873 3.43611 0.156055
0.918945 0.207031 0.865234 1.21895 0.507031 1.16523 0.2 114.867
S
52.1802 3.12513 0.341212 -0.280469
0.0722656 0.0585938 0.546875 0.372266 0.358594 0.846875 0.2 52.9531
S
58.3498 3.373 5.88894 -0.155469
0.495117 0.173828 0.993164 0.795117 0.473828 1.29316 0.2 50.2188
S
52.3573 0.424816 4.51368 1.01934
0.53125 0.818359 0.119141 0.83125 1.11836 0.419141 0.2 39.0859
S
54.9116 -2.46664 3.01564 -0.280469
0.711914 0.899414 0.0498047 1.01191 1.19941 0.349805 0.2 15.2578
S
56.6533 -2.37793 4.58557 0.47832
0.0195312 0.956055 0.461914 0.319531 1.25605 0.761914 0.2 90.8438
S
53.0213 5.97476 5.88188 -0.286328
0.734375 0.914062 0.759766 1.03438 1.21406 1.05977 0.2 150.023
S
54.7062 -0.267753 -0.640412 0.774219
0.183594 0.316406 0.617188 0.483594 0.616406 0.917188 0.2 52.1719
S
48.5815 -0.616773 1.11452 -0.33418
0.953125 0.275391 0.537109 1.25313 0.575391 0.837109 0.2 121.508
S
53.9754 -1.32596 1.44089 0.826953
0.170898 0.786133 0.0751953 0.470898 1.08613 0.375195 0.2 36.9375
S
55.3313 -1.12536 -0.509615 0.0554688
0.254883 0.452148 0.399414 0.554883 0.752148 0.699414 0.2 129.125
S
49.1852 -1.18702 -0.22701 0.467578
0.151367 0.683594 0.477539 0.451367 0.983594 0.777539 0.2 6.27344
S
50.2141 0.689004 0.631942 -0.289258
0.0224609 0.0292969 0.0917969 0.322461 0.329297 0.391797 0.2 134.789
S
50.8366 0.945498 2.85277 0.526172
0.203125 0.629883 0.494141 0.503125 0.929883 0.794141 0.2 184.594
S
53.222 5.00796 -3.15797 -0.00703125
0.650391 0.373047 0.152344 0.950391 0.673047 0.452344 0.2 180.688
S
56.3576 0.836631 -2.01309 -0.414258
0.401367 0.890625 0.412109 0.701367 1.19063 0.712109 0.2 174.047
S
53.1784 4.79195 4.7151 0.409961
0.933594 0.283203 0.121094 1.23359 0.583203 0.421094 0.2 183.227
S
53.3065 2.27299 -5.50204 -0.136914
0.456055 0.920898 0.418945 0.756055 1.2209 0.718945 0.2 184.594
