512 512
43.54 26.6248 -11.8659
36.4523 22.1945 -17.5348
-0.44969 -0.982591 1.68294
-1.14493 1.53087 0.587872
11.1191 78.9759 128.876 0.72
0.72
61
S
10.8551 11.5309 -29.4121 1.5
0 0 0 0.1 0.1 0.1 0.1 10
S
10.5742 11.3128 -29.4272 1.5
0.00273889 0.0109256 0.0244703 0.1 0.1 0.1 0.3 50
S
10.3085 11.0808 -29.4484 1.5
0.0109256 0.0432248 0.0954861 0.1 0.1 0.1 0.3 50
S
10.0607 10.8373 -29.4754 1.5
0.0244703 0.0954861 0.206096 0.1 0.1 0.1 0.3 50
S
9.83348 10.585 -29.508 1.5
0.0432248 0.165426 0.345474 0.1 0.1 0.1 0.3 50
S
9.6292 10.3265 -29.5458 1.5
0.0669834 0.249987 0.499977 0.1 0.1 0.1 0.3 50
S
9.45005 10.0645 -29.5885 1.5
0.0954861 0.345474 0.654482 0.1 0.1 0.1 0.3 50
S
9.29794 9.80181 -29.6354 1.5
0.12842 0.447714 0.793866 0.1 0.1 0.1 0.3 50
S
9.17446 9.54124 -29.6863 1.5
0.165426 0.55224 0.904487 0.1 0.1 0.1 0.3 50
S
9.08093 9.28553 -29.7405 1.5
0.206096 0.654482 0.975515 0.1 0.1 0.1 0.3 50
S
9.01834 9.03739 -29.7974 1.5
0.249987 0.749973 1 0.1 0.1 0.1 0.3 50
S
8.98736 8.79946 -29.8564 1.5
0.296616 0.83454 0.975544 0.1 0.1 0.1 0.3 50
S
8.98831 8.57425 -29.917 1.5
0.345474 0.904487 0.904541 0.1 0.1 0.1 0.3 50
S
9.02118 8.36415 -29.9785 1.5
0.396025 0.956756 0.793941 0.1 0.1 0.1 0.3 50
S
9.08563 8.1714 -30.0402 1.5
0.447714 0.989065 0.65457 0.1 0.1 0.1 0.3 50
S
9.18097 7.99803 -30.1015 1.5
0.499977 1 0.500069 0.1 0.1 0.1 0.3 50
S
9.30619 7.84587 -30.1616 1.5
0.55224 0.989084 0.345562 0.1 0.1 0.1 0.3 50
S
9.45996 7.71654 -30.2201 1.5
0.60393 0.956794 0.206171 0.1 0.1 0.1 0.3 50
S
9.64066 7.61143 -30.2763 1.5
0.654482 0.904541 0.0955405 0.1 0.1 0.1 0.3 50
S
9.84636 7.53163 -30.3295 1.5
0.703342 0.834609 0.0244989 0.1 0.1 0.1 0.3 50
S
10.0749 7.47799 -30.3792 1.5
0.749973 0.750053 8.58469e-09 0.1 0.1 0.1 0.3 50
S
10.3238 7.45109 -30.4249 1.5
0.793866 0.65457 0.0244417 0.1 0.1 0.1 0.3 50
S
10.5905 7.45121 -30.4661 1.5
0.83454 0.552332 0.0954316 0.1 0.1 0.1 0.3 50
S
10.8722 7.47833 -30.5024 1.5
0.871549 0.447806 0.206021 0.1 0.1 0.1 0.3 50
S
11.1658 7.5322 -30.5333 1.5
0.904487 0.345562 0.345386 0.1 0.1 0.1 0.3 50
S
11.4682 7.61221 -30.5586 1.5
0.932993 0.250067 0.499884 0.1 0.1 0.1 0.3 50
S
11.7763 7.71754 -30.578 1.5
0.956756 0.165494 0.654394 0.1 0.1 0.1 0.3 50
S
12.0868 7.84706 -30.5912 1.5
0.975515 0.0955405 0.793791 0.1 0.1 0.1 0.3 50
S
12.3963 7.9994 -30.5982 1.5
0.989065 0.0432625 0.904432 0.1 0.1 0.1 0.3 50
S
12.7016 8.17294 -30.5988 1.5
0.997256 0.0109448 0.975487 0.1 0.1 0.1 0.3 50
S
12.9995 8.36586 -30.5931 1.5
1 8.58469e-09 1 0.1 0.1 0.1 0.3 50
S
13.2868 8.57609 -30.5811 1.5
0.997266 0.0109063 0.975573 0.1 0.1 0.1 0.3 50
S
13.5605 8.80141 -30.5629 1.5
0.989084 0.0431871 0.904596 0.1 0.1 0.1 0.3 50
S
13.8176 9.03944 -30.5388 1.5
0.975544 0.0954316 0.794016 0.1 0.1 0.1 0.3 50
S
14.0554 9.28766 -30.509 1.5
0.956794 0.165357 0.654658 0.1 0.1 0.1 0.3 50
S
14.2715 9.54342 -30.4737 1.5
0.93304 0.249906 0.500162 0.1 0.1 0.1 0.3 50
S
14.4635 9.80402 -30.4335 1.5
0.904541 0.345386 0.34565 0.1 0.1 0.1 0.3 50
S
14.6294 10.0667 -30.3886 1.5
0.871611 0.447622 0.206246 0.1 0.1 0.1 0.3 50
S
14.7674 10.3287 -30.3396 1.5
0.834609 0.552148 0.095595 0.1 0.1 0.1 0.3 50
S
14.876 10.5872 -30.2871 1.5
0.793941 0.654394 0.0245276 0.1 0.1 0.1 0.3 50
S
14.9542 10.8394 -30.2315 1.5
0.750053 0.749893 3.43388e-08 0.1 0.1 0.1 0.3 50
S
15.0011 11.0828 -30.1734 1.5
0.703426 0.834471 0.0244131 0.1 0.1 0.1 0.3 50
S
15.0162 11.3147 -30.1135 1.5
0.65457 0.904432 0.0953772 0.1 0.1 0.1 0.3 50
S
14.9993 11.5326 -30.0524 1.5
0.604021 0.956719 0.205946 0.1 0.1 0.1 0.3 50
S
14.9506 11.7344 -29.9907 1.5
0.552332 0.989046 0.345298 0.1 0.1 0.1 0.3 50
S
14.8706 11.9177 -29.9291 1.5
0.500069 1 0.499792 0.1 0.1 0.1 0.3 50
S
14.7602 12.0807 -29.8683 1.5
0.447806 0.989103 0.654306 0.1 0.1 0.1 0.3 50
S
14.6205 12.2216 -29.8089 1.5
0.396115 0.956832 0.793716 0.1 0.1 0.1 0.3 50
S
14.4531 12.339 -29.7515 1.5
0.345562 0.904596 0.904378 0.1 0.1 0.1 0.3 50
S
14.2597 12.4316 -29.6968 1.5
0.296701 0.834678 0.975458 0.1 0.1 0.1 0.3 50
S
14.0423 12.4985 -29.6452 1.5
0.250067 0.750134 1 0.1 0.1 0.1 0.3 50
S
13.8033 12.5388 -29.5974 1.5
0.206171 0.654658 0.975601 0.1 0.1 0.1 0.3 50
S
13.5451 12.5522 -29.5539 1.5
0.165494 0.552424 0.90465 0.1 0.1 0.1 0.3 50
S
13.2706 12.5386 -29.5151 1.5
0.128482 0.447899 0.794091 0.1 0.1 0.1 0.3 50
S
12.9826 12.4981 -29.4815 1.5
0.0955405 0.34565 0.654746 0.1 0.1 0.1 0.3 50
S
12.6842 12.4311 -29.4533 1.5
0.0670298 0.250147 0.500255 0.1 0.1 0.1 0.3 50
S
12.3785 12.3383 -29.431 1.5
0.0432625 0.165563 0.345738 0.1 0.1 0.1 0.3 50
S
12.0688 12.2208 -29.4146 1.5
0.0244989 0.095595 0.206321 0.1 0.1 0.1 0.3 50
S
11.7584 12.0797 -29.4045 1.5
0.0109448 0.0433002 0.0956495 0.1 0.1 0.1 0.3 50
S
11.4506 11.9165 -29.4007 1.5
0.00274858 0.0109641 0.0245563 0.1 0.1 0.1 0.3 50
S
11.1486 11.7331 -29.4032 1.5
8.58469e-09 3.43388e-08 7.72622e-08 0.1 0.1 0.1 0.3 50
