512 512
70.6359 16.0078 33.2298
56.6857 6.42293 24.4822
1.0088 0.293566 -1.70181
-0.916636 1.76137 -0.239523
60.248 20.7511 24.3646 0.8
0.2
9
T
56.7779 8.47786 22.5408
55.2739 6.6762 22.3689
55.7691 8.18429 24.2426
1 1 1 1 1 1 0 1
T
55.7691 8.18429 24.2426
55.1496 6.64003 22.5786
55.2739 6.6762 22.3689
1 1 1 1 1 1 0 1
T
57.6945 6.71649 22.7803
55.3868 6.45918 22.3984
56.6857 6.42293 24.4822
1 1 1 1 1 1 0 1
T
56.6857 6.42293 24.4822
55.2625 6.42301 22.6081
55.3868 6.45918 22.3984
1 1 1 1 1 1 0 1
T
56.7779 8.47786 22.5408
55.2739 6.6762 22.3689
57.6945 6.71649 22.7803
1 0 0 1 0 0 0 1
T
57.6945 6.71649 22.7803
55.3868 6.45918 22.3984
55.2739 6.6762 22.3689
1 0 0 1 0 0 0 1
T
55.7691 8.18429 24.2426
55.1496 6.64003 22.5786
56.6857 6.42293 24.4822
1 1 0 1 1 0 0 1
T
56.6857 6.42293 24.4822
55.2625 6.42301 22.6081
55.1496 6.64003 22.5786
1 1 0 1 1 0 0 1
S
56 7 23 0.5
1 0 1 1 0 1 0 1
