512 512
0.752405 -2.34612 24.4928
6.48605 15.6897 22.2942
-0.347955 0.238049 1.95506
-1.90891 0.447895 -0.394277
2.43801 7.61745 25.1141 0.8
0.2
12
T
6.6246 17.8612 24.0903
6.96907 17.6255 22.1547
5.06016 18.0734 21.7605
1 1 1 1 1 1 0 1
T
6.6246 17.8612 24.0903
5.06016 18.0734 21.7605
4.71569 18.3091 23.696
1 1 1 1 1 1 0 1
S
5.46311 16.4168 22.8135 0.128076
1 1 0 1 1 0 0 1
S
6.03465 17.0704 23.5805 0.14541
0 1 1 0 1 1 0 1
S
4.9789 16.5875 23.291 0.272363
1 0 1 1 0 1 0 1
S
5.81817 16.9007 23.399 0.316309
1 1 1 1 1 1 0 1
S
6.14164 17.0265 23.3925 0.325098
1 0 0 1 0 0 0 1
S
5.43805 17.048 22.3478 0.139795
0 1 0 0 1 0 0 1
S
5.23057 16.5161 23.4886 0.281885
0 0 1 0 0 1 0 1
S
4.99638 16.5958 22.8262 0.262842
1 1 0 1 1 0 0 1
S
5.69571 16.3865 23.0826 0.240869
1 0 1 1 0 1 0 1
S
5.33472 17.4243 23.4784 0.115137
0 0 1 0 0 1 0 1
