512 512
13.3397 -14.6526 -3.68136
-4.99949 -17.3612 0.716038
0.0525506 1.79894 0.872384
0.640396 -0.841852 1.6974
-4.3588 -15.7322 3.04966 0.8
0.2
20
S
-4.95589 -17.1754 2.02006 0.104211
0.0791016 0.249023 0.0722656 0.0791016 0.249023 0.0722656 0 1
S
-5.91675 -16.2491 2.09377 0.106812
0.916992 0.486328 0.745117 0.916992 0.486328 0.745117 0 1
S
-4.80166 -16.7814 2.70958 0.125854
0.0820312 0.992188 0.776367 0.0820312 0.992188 0.776367 0 1
S
-5.62413 -16.4869 2.14333 0.132446
0.337891 0.294922 0.59668 0.337891 0.294922 0.59668 0 1
S
-5.94794 -16.4278 1.91508 0.133765
0.849609 0.298828 0.0126953 0.849609 0.298828 0.0126953 0 1
S
-5.57076 -17.7768 2.30326 0.105969
0.337891 0.286133 0.34082 0.337891 0.286133 0.34082 0 1
S
-4.88147 -16.4887 2.48357 0.127283
0.0917969 0.207031 0.416992 0.0917969 0.207031 0.416992 0 1
S
-4.83845 -17.2988 2.5713 0.124426
0.675781 0.0820312 0.516602 0.675781 0.0820312 0.516602 0 1
S
-5.06101 -16.8122 1.85669 0.12113
0.282227 0.30957 0.464844 0.282227 0.30957 0.464844 0 1
S
-5.82825 -16.5797 2.93977 0.102271
0.157227 0.563477 0.219727 0.157227 0.563477 0.219727 0 1
S
-5.26178 -17.3432 2.13424 0.128162
0.623047 0.647461 0.478516 0.623047 0.647461 0.478516 0 1
S
-6.19616 -16.9325 2.68699 0.133362
0.0546875 0.0898438 0.541016 0.0546875 0.0898438 0.541016 0 1
S
-5.67689 -16.769 2.2917 0.127942
0.548828 0.170898 0.308594 0.548828 0.170898 0.308594 0 1
S
-5.33072 -17.7054 2.30768 0.136145
0.0898438 0.251953 0.0253906 0.0898438 0.251953 0.0253906 0 1
S
-5.00471 -16.4845 2.49416 0.127905
0.666016 0.806641 0.495117 0.666016 0.806641 0.495117 0 1
S
-6.40697 -17.1381 2.13467 0.100183
0.308594 0.871094 0.894531 0.308594 0.871094 0.894531 0 1
S
-6.14729 -16.9807 1.66687 0.103552
0.133789 0.493164 0.839844 0.133789 0.493164 0.839844 0 1
S
-5.87905 -17.264 1.68751 0.119299
0.145508 0.922852 0.479492 0.145508 0.922852 0.479492 0 1
S
-5.76506 -17.4637 2.86151 0.118127
0.991211 0.75 0.227539 0.991211 0.75 0.227539 0 1
S
-5.29049 -16.8844 2.63236 0.135522
0.0107422 0.698242 0.953125 0.0107422 0.698242 0.953125 0 1
