512 512
0 0 -40
-1 -1 -30
2 0 0
0 2 0
-5 -5 -10 .36
.36
40
T
5 5 15
-4.9 5 15
5 -4.9 15
.2 .2 .2 .2 .2 .2 .6 40
T
-5 -5 15
-5 4.9 15
4.9 -5 15
.2 .2 .2 .2 .2 .2 .6 40
S
-1.75293 0.283203 9.4873 1.0877
0.0791016 0.249023 0.0722656 0.379102 0.549023 0.372266 0.2 154.906
S
-3.9502 -1.00098 9.0918 -0.716992
0.513672 0.745117 0.52832 0.813672 1.04512 0.82832 0.2 137.328
S
4.39453 1.55273 9.58984 -0.792188
0.223633 0.523438 0.475586 0.523633 0.823438 0.775586 0.2 23.4609
S
-4.32617 -1.68945 8.52539 0.60332
0.450195 0.905273 0.196289 0.750195 1.20527 0.496289 0.2 181.078
S
0.751953 -1.49414 9.93652 -0.728711
0.452148 0.0859375 0.84082 0.752148 0.385937 1.14082 0.2 133.422
S
3.56934 3.2959 8.72559 0.427539
0.914062 0.272461 0.0917969 1.21406 0.572461 0.391797 0.2 159.594
S
-2.08496 -0.869141 8.99902 1.00664
0.651367 0.675781 0.0820312 0.951367 0.975781 0.382031 0.2 104.32
S
-0.0683594 -1.88477 9.43359 -0.363477
0.282227 0.30957 0.464844 0.582227 0.60957 0.764844 0.2 174.633
S
1.95312 -2.3877 9.69727 0.0427734
0.436523 0.780273 0.496094 0.736523 1.08027 0.796094 0.2 30.8828
S
2.19727 -3.75488 1.88477 0.552539
0.521484 0.285156 0.145508 0.821484 0.585156 0.445508 0.2 180.297
S
-4.44824 -0.273438 9.55078 -0.341016
0.269531 0.171875 0.0576172 0.569531 0.471875 0.357617 0.2 150.023
S
2.25586 -0.854492 3.45703 -0.632031
0.519531 0.226562 0.963867 0.819531 0.526563 1.26387 0.2 18.9688
S
1.66016 -0.654297 2.33887 0.658008
0.583984 0.724609 0.416992 0.883984 1.02461 0.716992 0.2 69.3594
S
-2.17773 -0.546875 7.86621 0.337695
0.807617 0.746094 0.839844 1.10762 1.04609 1.13984 0.2 109.789
S
-4.01367 4.27734 6.62598 0.779102
0.220703 0.234375 0.0273438 0.520703 0.534375 0.327344 0.2 70.1406
S
0.864258 -3.99414 3.64746 0.878711
0.25293 0.376953 0.576172 0.55293 0.676953 0.876172 0.2 84.0078
S
2.46094 -0.546875 0.214844 0.276172
0.384766 0.459961 0.582031 0.684766 0.759961 0.882031 0.2 36.9375
S
-3.25195 4.95117 1.58203 -0.258008
0.736328 0.523438 0.914062 1.03633 0.823438 1.21406 0.2 187.719
S
-3.33984 2.05566 7.56348 0.311328
0.824219 0.459961 0.543945 1.12422 0.759961 0.843945 0.2 70.7266
S
-1.29395 0.927734 5.13184 1.19414
0.808594 0.450195 0.420898 1.10859 0.750195 0.720898 0.2 60.9609
S
-3.2959 -1.89453 1.87988 0.156055
0.918945 0.207031 0.865234 1.21895 0.507031 1.16523 0.2 114.867
S
-1.08398 -2.74414 4.86328 -0.280469
0.0722656 0.0585938 0.546875 0.372266 0.358594 0.846875 0.2 52.9531
S
-2.65625 4.8291 1.85059 -0.155469
0.495117 0.173828 0.993164 0.795117 0.473828 1.29316 0.2 50.2188
S
-4.94141 0.0976562 6.19629 1.01934
0.53125 0.818359 0.119141 0.83125 1.11836 0.419141 0.2 39.0859
S
-2.80273 2.47559 8.82324 -0.280469
0.711914 0.899414 0.0498047 1.01191 1.19941 0.349805 0.2 15.2578
S
-3.24707 4.60938 7.9541 0.47832
0.0195312 0.956055 0.461914 0.319531 1.25605 0.761914 0.2 90.8438
S
-4.95605 -0.458984 0.46875 -0.286328
0.734375 0.914062 0.759766 1.03438 1.21406 1.05977 0.2 150.023
S
0.527344 -0.00488281 7.82227 0.774219
0.183594 0.316406 0.617188 0.483594 0.616406 0.917188 0.2 52.1719
S
-4.10645 -4.2627 8.87695 -0.33418
0.953125 0.275391 0.537109 1.25313 0.575391 0.837109 0.2 121.508
S
-1.76758 0.634766 8.37891 0.826953
0.170898 0.786133 0.0751953 0.470898 1.08613 0.375195 0.2 36.9375
S
0.605469 0.844727 8.4668 0.0554688
0.254883 0.452148 0.399414 0.554883 0.752148 0.699414 0.2 129.125
S
-2.74414 -4.1748 9.66797 0.467578
0.151367 0.683594 0.477539 0.451367 0.983594 0.777539 0.2 6.27344
S
-2.68066 -3.51074 7.46094 -0.289258
0.0224609 0.0292969 0.0917969 0.322461 0.329297 0.391797 0.2 134.789
S
-4.21875 -2.08008 6.47461 0.526172
0.203125 0.629883 0.494141 0.503125 0.929883 0.794141 0.2 184.594
S
2.69531 -4.00879 3.86719 -0.00703125
0.650391 0.373047 0.152344 0.950391 0.673047 0.452344 0.2 180.688
S
2.69043 0.429688 6.84082 -0.414258
0.401367 0.890625 0.412109 0.701367 1.19063 0.712109 0.2 174.047
S
-4.05762 -0.478516 1.875 0.409961
0.933594 0.283203 0.121094 1.23359 0.583203 0.421094 0.2 183.227
S
4.33105 -4.13086 7.0752 -0.136914
0.456055 0.920898 0.418945 0.756055 1.2209 0.718945 0.2 184.594
