512 512
0 0 -40
-1 -1 -30
2 0 0
0 2 0
100 100 -100 .72
.72
61
S
0 2 0 1.5
0 0 0 0.1 0.1 0.1 .1 10
S
0.157573 1.9894 0.318931 1.5
0.00273889 0.0109256 0.0244703 0.1 0.1 0.1 .3 50
S
0.313476 1.95771 0.63448 1.5
0.0109256 0.0432248 0.0954861 0.1 0.1 0.1 .3 50
S
0.466056 1.90528 0.943305 1.5
0.0244703 0.0954861 0.206096 0.1 0.1 0.1 .3 50
S
0.613696 1.83264 1.24213 1.5
0.0432248 0.165426 0.345474 0.1 0.1 0.1 .3 50
S
0.754831 1.74059 1.52779 1.5
0.0669834 0.249987 0.499977 0.1 0.1 0.1 .3 50
S
0.887965 1.63008 1.79726 1.5
0.0954861 0.345474 0.654482 0.1 0.1 0.1 .3 50
S
1.01169 1.50229 2.04767 1.5
0.12842 0.447714 0.793866 0.1 0.1 0.1 .3 50
S
1.12469 1.35858 2.27638 1.5
0.165426 0.55224 0.904487 0.1 0.1 0.1 .3 50
S
1.22576 1.20047 2.48097 1.5
0.206096 0.654482 0.975515 0.1 0.1 0.1 .3 50
S
1.31385 1.02964 2.65925 1.5
0.249987 0.749973 1 0.1 0.1 0.1 .3 50
S
1.38801 0.847889 2.80935 1.5
0.296616 0.83454 0.975544 0.1 0.1 0.1 .3 50
S
1.44745 0.657154 2.92967 1.5
0.345474 0.904487 0.904541 0.1 0.1 0.1 .3 50
S
1.49156 0.459452 3.01894 1.5
0.396025 0.956756 0.793941 0.1 0.1 0.1 .3 50
S
1.51985 0.256881 3.0762 1.5
0.447714 0.989065 0.65457 0.1 0.1 0.1 .3 50
S
1.53203 0.0515869 3.10086 1.5
0.499977 1 0.500069 0.1 0.1 0.1 .3 50
S
1.52798 -0.154254 3.09265 1.5
0.55224 0.989084 0.345562 0.1 0.1 0.1 .3 50
S
1.50773 -0.35846 3.05167 1.5
0.60393 0.956794 0.206171 0.1 0.1 0.1 .3 50
S
1.4715 -0.558866 2.97833 1.5
0.654482 0.904541 0.0955405 0.1 0.1 0.1 .3 50
S
1.41967 -0.753349 2.87343 1.5
0.703342 0.834609 0.0244989 0.1 0.1 0.1 .3 50
S
1.35279 -0.939846 2.73807 1.5
0.749973 0.750053 8.58469e-09 0.1 0.1 0.1 .3 50
S
1.27157 -1.11638 2.57368 1.5
0.793866 0.65457 0.0244417 0.1 0.1 0.1 .3 50
S
1.17688 -1.28108 2.38202 1.5
0.83454 0.552332 0.0954316 0.1 0.1 0.1 .3 50
S
1.06971 -1.43221 2.1651 1.5
0.871549 0.447806 0.206021 0.1 0.1 0.1 .3 50
S
0.951199 -1.56815 1.92524 1.5
0.904487 0.345562 0.345386 0.1 0.1 0.1 .3 50
S
0.822609 -1.68747 1.66497 1.5
0.932993 0.250067 0.499884 0.1 0.1 0.1 .3 50
S
0.685299 -1.7889 1.38706 1.5
0.956756 0.165494 0.654394 0.1 0.1 0.1 .3 50
S
0.540726 -1.87138 1.09444 1.5
0.975515 0.0955405 0.793791 0.1 0.1 0.1 .3 50
S
0.390421 -1.93401 0.790218 1.5
0.989065 0.0432625 0.904432 0.1 0.1 0.1 .3 50
S
0.235977 -1.97615 0.477622 1.5
0.997256 0.0109448 0.975487 0.1 0.1 0.1 .3 50
S
0.0790329 -1.99734 0.159964 1.5
1 8.58469e-09 1 0.1 0.1 0.1 .3 50
S
-0.0787493 -1.99736 -0.15939 1.5
0.997266 0.0109063 0.975573 0.1 0.1 0.1 .3 50
S
-0.235697 -1.97621 -0.477054 1.5
0.989084 0.0431871 0.904596 0.1 0.1 0.1 .3 50
S
-0.390146 -1.93411 -0.789662 1.5
0.975544 0.0954316 0.794016 0.1 0.1 0.1 .3 50
S
-0.54046 -1.87151 -1.0939 1.5
0.956794 0.165357 0.654658 0.1 0.1 0.1 .3 50
S
-0.685045 -1.78907 -1.38654 1.5
0.93304 0.249906 0.500162 0.1 0.1 0.1 .3 50
S
-0.822369 -1.68767 -1.66449 1.5
0.904541 0.345386 0.34565 0.1 0.1 0.1 .3 50
S
-0.950976 -1.56838 -1.92479 1.5
0.871611 0.447622 0.206246 0.1 0.1 0.1 .3 50
S
-1.0695 -1.43247 -2.16469 1.5
0.834609 0.552148 0.095595 0.1 0.1 0.1 .3 50
S
-1.17669 -1.28137 -2.38165 1.5
0.793941 0.654394 0.0245276 0.1 0.1 0.1 .3 50
S
-1.27141 -1.11669 -2.57336 1.5
0.750053 0.749893 3.43388e-08 0.1 0.1 0.1 .3 50
S
-1.35265 -0.940173 -2.73779 1.5
0.703426 0.834471 0.0244131 0.1 0.1 0.1 .3 50
S
-1.41956 -0.753692 -2.87321 1.5
0.65457 0.904432 0.0953772 0.1 0.1 0.1 .3 50
S
-1.47142 -0.559222 -2.97817 1.5
0.604021 0.956719 0.205946 0.1 0.1 0.1 .3 50
S
-1.50768 -0.358825 -3.05156 1.5
0.552332 0.989046 0.345298 0.1 0.1 0.1 .3 50
S
-1.52796 -0.154624 -3.09261 1.5
0.500069 1 0.499792 0.1 0.1 0.1 .3 50
S
-1.53204 0.0512164 -3.10088 1.5
0.447806 0.989103 0.654306 0.1 0.1 0.1 .3 50
S
-1.51989 0.256514 -3.07628 1.5
0.396115 0.956832 0.793716 0.1 0.1 0.1 .3 50
S
-1.49162 0.459092 -3.01907 1.5
0.345562 0.904596 0.904378 0.1 0.1 0.1 .3 50
S
-1.44755 0.656804 -2.92986 1.5
0.296701 0.834678 0.975458 0.1 0.1 0.1 .3 50
S
-1.38813 0.847554 -2.80959 1.5
0.250067 0.750134 1 0.1 0.1 0.1 .3 50
S
-1.31399 1.02932 -2.65955 1.5
0.206171 0.654658 0.975601 0.1 0.1 0.1 .3 50
S
-1.22593 1.20018 -2.48131 1.5
0.165494 0.552424 0.90465 0.1 0.1 0.1 .3 50
S
-1.12488 1.35831 -2.27677 1.5
0.128482 0.447899 0.794091 0.1 0.1 0.1 .3 50
S
-1.0119 1.50205 -2.0481 1.5
0.0955405 0.34565 0.654746 0.1 0.1 0.1 .3 50
S
-0.888197 1.62986 -1.79773 1.5
0.0670298 0.250147 0.500255 0.1 0.1 0.1 .3 50
S
-0.755078 1.7404 -1.52829 1.5
0.0432625 0.165563 0.345738 0.1 0.1 0.1 .3 50
S
-0.613956 1.8325 -1.24266 1.5
0.0244989 0.095595 0.206321 0.1 0.1 0.1 .3 50
S
-0.466327 1.90516 -0.943853 1.5
0.0109448 0.0433002 0.0956495 0.1 0.1 0.1 .3 50
S
-0.313754 1.95764 -0.635043 1.5
0.00274858 0.0109641 0.0245563 0.1 0.1 0.1 .3 50
S
-0.157856 1.98936 -0.319502 1.5
8.58469e-09 3.43388e-08 7.72622e-08 0.1 0.1 0.1 .3 50
