512 512
0 0 20
-1 -1 1
2 0 0
0 2 0
3 10 10 0.8
0.2
9
T
1 1 1
0.12321 0.12321 -1
-1 1 1
1 1 1 1 1 1 0 1
T
-1 1 1
-0.12321 0.12321 -1
0.12321 0.12321 -1
1 1 1 1 1 1 0 1
T
1 -1 1
0.12321 -0.12321 -1
-1 -1 1
1 1 1 1 1 1 0 1
T
-1 -1 1
-0.12321 -0.12321 -1
0.12321 -0.12321 -1
1 1 1 1 1 1 0 1
T
1 1 1
0.12321 0.12321 -1
1 -1 1
1 0 0 1 0 0 0 1
T
1 -1 1
0.12321 -0.12321 -1
0.12321 0.12321 -1
1 0 0 1 0 0 0 1
T
-1 1 1
-0.12321 0.12321 -1
-1 -1 1
1 1 0 1 1 0 0 1
T
-1 -1 1
-0.12321 -0.12321 -1
-0.12321 0.12321 -1
1 1 0 1 1 0 0 1
S
0 0 0 0.5
1 0 1 1 0 1 0 1
