512 512
0 0 20
-1 -1 1
2 0 0
0 2 0
1.5 0.5 1.1 0.8
0.2
50
S
-0.262939 0.0424805 0.673096 0.104211
0.0791016 0.249023 0.0722656 0.0791016 0.249023 0.0722656 0 1
S
0.577148 -0.592529 -0.150146 0.106812
0.916992 0.486328 0.745117 0.916992 0.486328 0.745117 0 1
S
0.39624 0.51123 0.65918 0.125854
0.0820312 0.992188 0.776367 0.0820312 0.992188 0.776367 0 1
S
0.392578 -0.356689 0.0842285 0.132446
0.337891 0.294922 0.59668 0.337891 0.294922 0.59668 0 1
S
0.337646 -0.678955 -0.147217 0.133765
0.849609 0.298828 0.0126953 0.849609 0.298828 0.0126953 0 1
S
-0.696533 0.339111 -0.0644531 0.105969
0.337891 0.286133 0.34082 0.337891 0.286133 0.34082 0 1
S
0.558838 0.170654 0.685547 0.127283
0.0917969 0.207031 0.416992 0.0917969 0.207031 0.416992 0 1
S
-0.130371 0.599854 0.60498 0.124426
0.675781 0.0820312 0.516602 0.675781 0.0820312 0.516602 0 1
S
-0.0102539 -0.282715 0.665039 0.12113
0.282227 0.30957 0.464844 0.282227 0.30957 0.464844 0 1
S
0.651123 0.292969 -0.358154 0.102271
0.157227 0.563477 0.219727 0.157227 0.563477 0.219727 0 1
S
-0.37207 0.112061 0.32959 0.128162
0.623047 0.647461 0.478516 0.623047 0.647461 0.478516 0 1
S
0.213867 0.109131 -0.672363 0.133362
0.0546875 0.0898438 0.541016 0.0546875 0.0898438 0.541016 0 1
S
0.202148 -0.128906 -0.0432129 0.127942
0.548828 0.170898 0.308594 0.548828 0.170898 0.308594 0 1
S
-0.624023 0.389648 0.169922 0.136145
0.0898438 0.251953 0.0253906 0.0898438 0.251953 0.0253906 0 1
S
0.563965 0.138428 0.566162 0.127905
0.666016 0.806641 0.495117 0.666016 0.806641 0.495117 0 1
S
-0.217529 -0.340576 -0.730957 0.100183
0.308594 0.871094 0.894531 0.308594 0.871094 0.894531 0 1
S
-0.273193 -0.720703 -0.32666 0.103552
0.133789 0.493164 0.839844 0.133789 0.493164 0.839844 0 1
S
-0.511963 -0.498047 -0.112061 0.119299
0.145508 0.922852 0.479492 0.145508 0.922852 0.479492 0 1
S
-0.176514 0.618896 -0.378662 0.118127
0.991211 0.75 0.227539 0.991211 0.75 0.227539 0 1
S
0.25708 0.33252 0.207275 0.135522
0.0107422 0.698242 0.953125 0.0107422 0.698242 0.953125 0 1
S
0.509766 0.322998 -0.635742 0.125671
0.530273 0.28418 0.779297 0.530273 0.28418 0.779297 0 1
S
-0.498047 -0.583008 -0.465088 0.113037
0.442383 0.769531 0.862305 0.442383 0.769531 0.862305 0 1
S
-0.440918 0.230713 0.493652 0.130872
0.868164 0.84668 0.307617 0.868164 0.84668 0.307617 0 1
S
-0.644531 -0.448242 -0.401367 0.119373
0.154297 0.258789 0.464844 0.154297 0.258789 0.464844 0 1
S
0.625488 0.0322266 0.436523 0.118237
0.526367 0.265625 0.170898 0.526367 0.265625 0.170898 0 1
S
0.706787 -0.412354 -0.712646 0.127063
0.328125 0.570312 0.0693359 0.328125 0.570312 0.0693359 0 1
S
0.172119 0.495117 -0.699463 0.11344
0.0332031 0.274414 0.181641 0.0332031 0.274414 0.181641 0 1
S
-0.676025 0.658447 -0.366943 0.128528
0.719727 0.0253906 0.277344 0.719727 0.0253906 0.277344 0 1
S
-0.655518 -0.213135 0.193359 0.101501
0.242188 0.160156 0.526367 0.242188 0.160156 0.526367 0 1
S
-0.576416 -0.320068 0.227051 0.130981
0.976562 0.648438 0.548828 0.976562 0.648438 0.548828 0 1
S
0.521484 0.585938 0.286377 0.10282
0.55957 0.550781 0.433594 0.55957 0.550781 0.433594 0 1
S
-0.44458 0.130371 0.287842 0.11853
0.948242 0.105469 0.254883 0.948242 0.105469 0.254883 0 1
S
0.249023 -0.0981445 -0.39917 0.120325
0.416016 0.275391 0.583008 0.416016 0.275391 0.583008 0 1
S
0.256348 -0.32666 -0.0820312 0.116003
0.862305 0.807617 0.253906 0.862305 0.807617 0.253906 0 1
S
-0.629883 0.407959 -0.602051 0.10542
0.674805 0.420898 0.220703 0.674805 0.420898 0.220703 0 1
S
-0.175781 0.0205078 0.259277 0.131018
0.798828 0.270508 0.321289 0.798828 0.270508 0.321289 0 1
S
0.189697 -0.282715 -0.432129 0.115564
0.507812 0.109375 0.957031 0.507812 0.109375 0.957031 0 1
S
0.0571289 -0.288574 0.344971 0.121826
0.820312 0.650391 0.00976562 0.820312 0.650391 0.00976562 0 1
S
-0.512695 -0.343506 0.552246 0.119629
0.914062 0.0664062 0.667969 0.914062 0.0664062 0.667969 0 1
S
0.30835 0.384521 0.0834961 0.130908
0.459961 0.543945 0.651367 0.459961 0.543945 0.651367 0 1
S
-0.194092 0.13916 0.0197754 0.10022
0.191406 0.549805 0.420898 0.191406 0.549805 0.420898 0 1
S
0.224854 -0.494385 -0.28418 0.123401
0.0439453 0.918945 0.207031 0.0439453 0.918945 0.207031 0 1
S
-0.648926 -0.427002 -0.162598 0.120581
0.0273438 0.480469 0.0722656 0.0273438 0.480469 0.0722656 0 1
S
0.0439453 -0.410156 0.194824 0.119922
0.0341797 0.629883 0.355469 0.0341797 0.629883 0.355469 0 1
S
-0.371338 -0.130371 0.744873 0.128271
0.988281 0.980469 0.760742 0.988281 0.980469 0.760742 0 1
S
0.614502 -0.398438 0.61377 0.133032
0.19043 0.560547 0.504883 0.19043 0.560547 0.504883 0 1
S
0.573486 -0.360352 -0.533936 0.103772
0.0498047 0.928711 0.649414 0.0498047 0.928711 0.649414 0 1
S
0.691406 0.443115 0.20874 0.100732
0.956055 0.461914 0.550781 0.956055 0.461914 0.550781 0 1
S
-0.743408 -0.0688477 -0.679688 0.118237
0.265625 0.914062 0.240234 0.265625 0.914062 0.240234 0 1
S
0.558838 0.0791016 -0.000732422 0.116333
0.425781 0.183594 0.316406 0.425781 0.183594 0.316406 0 1
