512 512
0 0 20
-1 -1 1
2 0 0
0 2 0
1.5 0.5 1.1 0.8
0.2
10
S
-0.227881 0.0368164 0.58335 0.128076
0.0791016 0.249023 0.0722656 0.0791016 0.249023 0.0722656 0 1
S
0.500195 -0.513525 -0.130127 0.14541
0.916992 0.486328 0.745117 0.916992 0.486328 0.745117 0 1
S
0.343408 0.443066 0.571289 0.272363
0.0820312 0.992188 0.776367 0.0820312 0.992188 0.776367 0 1
S
0.340234 -0.309131 0.072998 0.316309
0.337891 0.294922 0.59668 0.337891 0.294922 0.59668 0 1
S
0.292627 -0.588428 -0.127588 0.325098
0.849609 0.298828 0.0126953 0.849609 0.298828 0.0126953 0 1
S
-0.603662 0.293896 -0.0558594 0.139795
0.337891 0.286133 0.34082 0.337891 0.286133 0.34082 0 1
S
0.484326 0.1479 0.594141 0.281885
0.0917969 0.207031 0.416992 0.0917969 0.207031 0.416992 0 1
S
-0.112988 0.519873 0.524316 0.262842
0.675781 0.0820312 0.516602 0.675781 0.0820312 0.516602 0 1
S
-0.00888672 -0.24502 0.576367 0.240869
0.282227 0.30957 0.464844 0.282227 0.30957 0.464844 0 1
S
0.564307 0.253906 -0.3104 0.115137
0.157227 0.563477 0.219727 0.157227 0.563477 0.219727 0 1
