512 512
0 0 20
-1 -1 1
2 0 0
0 2 0
1.5 0.5 1.1 0.8
0.2
10
S
-0.262939 0.0424805 0.673096 0.104211
0.0791016 0.249023 0.0722656 0.0791016 0.249023 0.0722656 0 1
S
0.577148 -0.592529 -0.150146 0.106812
0.916992 0.486328 0.745117 0.916992 0.486328 0.745117 0 1
S
0.39624 0.51123 0.65918 0.125854
0.0820312 0.992188 0.776367 0.0820312 0.992188 0.776367 0 1
S
0.392578 -0.356689 0.0842285 0.132446
0.337891 0.294922 0.59668 0.337891 0.294922 0.59668 0 1
S
0.337646 -0.678955 -0.147217 0.133765
0.849609 0.298828 0.0126953 0.849609 0.298828 0.0126953 0 1
S
-0.696533 0.339111 -0.0644531 0.105969
0.337891 0.286133 0.34082 0.337891 0.286133 0.34082 0 1
S
0.558838 0.170654 0.685547 0.127283
0.0917969 0.207031 0.416992 0.0917969 0.207031 0.416992 0 1
S
-0.130371 0.599854 0.60498 0.124426
0.675781 0.0820312 0.516602 0.675781 0.0820312 0.516602 0 1
S
-0.0102539 -0.282715 0.665039 0.12113
0.282227 0.30957 0.464844 0.282227 0.30957 0.464844 0 1
S
0.651123 0.292969 -0.358154 0.102271
0.157227 0.563477 0.219727 0.157227 0.563477 0.219727 0 1
