512 512
0 0 -40
-1.5 -1.5 -30
3 0 0
0 3 0
100 100 -100 .35
.35
400
S
-1.75293 0.283203 9.4873 1.0877
0.0791016 0.249023 0.0722656 0.379102 0.549023 0.372266 0.2 154.906
S
-3.9502 -1.00098 9.0918 -0.716992
0.513672 0.745117 0.52832 0.813672 1.04512 0.82832 0.2 137.328
S
4.39453 1.55273 9.58984 -0.792188
0.223633 0.523438 0.475586 0.523633 0.823438 0.775586 0.2 23.4609
S
-4.32617 -1.68945 8.52539 0.60332
0.450195 0.905273 0.196289 0.750195 1.20527 0.496289 0.2 181.078
S
0.751953 -1.49414 9.93652 -0.728711
0.452148 0.0859375 0.84082 0.752148 0.385937 1.14082 0.2 133.422
S
3.56934 3.2959 8.72559 0.427539
0.914062 0.272461 0.0917969 1.21406 0.572461 0.391797 0.2 159.594
S
-2.08496 -0.869141 8.99902 1.00664
0.651367 0.675781 0.0820312 0.951367 0.975781 0.382031 0.2 104.32
S
-0.0683594 -1.88477 9.43359 -0.363477
0.282227 0.30957 0.464844 0.582227 0.60957 0.764844 0.2 174.633
S
1.95312 -2.3877 9.69727 0.0427734
0.436523 0.780273 0.496094 0.736523 1.08027 0.796094 0.2 30.8828
S
2.19727 -3.75488 1.88477 0.552539
0.521484 0.285156 0.145508 0.821484 0.585156 0.445508 0.2 180.297
S
-4.44824 -0.273438 9.55078 -0.341016
0.269531 0.171875 0.0576172 0.569531 0.471875 0.357617 0.2 150.023
S
2.25586 -0.854492 3.45703 -0.632031
0.519531 0.226562 0.963867 0.819531 0.526563 1.26387 0.2 18.9688
S
3.74023 4.87305 8.75977 0.38457
0.754883 0.744141 0.666016 1.05488 1.04414 0.966016 0.2 39.6719
S
-2.47559 -1.4502 2.72949 -0.774609
0.995117 0.691406 0.871094 1.29512 0.991406 1.17109 0.2 179.906
S
-1.82129 -4.80469 2.82227 1.10527
0.133789 0.506836 0.839844 0.433789 0.806836 1.13984 0.2 137.523
S
-3.32031 -0.74707 2.42676 1.05449
0.922852 0.479492 0.235352 1.22285 0.779492 0.535352 0.2 166.039
S
-2.52441 -2.41699 5.04395 -0.55
0.227539 0.342773 0.443359 0.527539 0.642773 0.743359 0.2 56.2734
S
-4.73633 4.94629 6.50879 -0.753125
0.679688 0.430664 0.847656 0.979688 0.730664 1.14766 0.2 137.914
S
2.34863 -1.4209 1.10352 -0.464062
0.777344 0.620117 0.347656 1.07734 0.920117 0.647656 0.2 89.4766
S
1.15234 0.688477 2.06055 0.507617
0.658203 0.176758 0.131836 0.958203 0.476758 0.431836 0.2 170.336
S
3.46191 -4.29688 2.01172 -0.335156
0.483398 0.845703 0.741211 0.783398 1.1457 1.04121 0.2 108.031
S
4.16992 0.214844 7.91016 0.713672
0.526367 0.734375 0.829102 0.826367 1.03438 1.1291 0.2 189.477
S
-2.74902 -4.75098 1.3916 -0.128125
0.570312 0.0693359 0.229492 0.870313 0.369336 0.529492 0.2 133.031
S
-4.66309 3.20801 4.83398 0.925586
0.181641 0.901367 0.87793 0.481641 1.20137 1.17793 0.2 98.8516
S
-3.80371 -3.59863 4.87305 0.922656
0.874023 0.28418 0.257812 1.17402 0.58418 0.557813 0.2 192.992
S
3.78906 -0.800781 7.36816 -0.568555
0.426758 0.302734 0.826172 0.726758 0.602734 1.12617 0.2 5.6875
S
1.75781 -2.74414 8.47656 0.98125
0.381836 0.0751953 0.44043 0.681836 0.375195 0.74043 0.2 90.8438
S
-2.16797 -2.96387 5.86914 0.583789
0.494141 0.0517578 0.894531 0.794141 0.351758 1.19453 0.2 51.9766
S
1.66016 -0.654297 2.33887 0.658008
0.583984 0.724609 0.416992 0.883984 1.02461 0.716992 0.2 69.3594
S
-2.17773 -0.546875 7.86621 0.337695
0.807617 0.746094 0.839844 1.10762 1.04609 1.13984 0.2 109.789
S
-4.01367 4.27734 6.62598 0.779102
0.220703 0.234375 0.0273438 0.520703 0.534375 0.327344 0.2 70.1406
S
0.864258 -3.99414 3.64746 0.878711
0.25293 0.376953 0.576172 0.55293 0.676953 0.876172 0.2 84.0078
S
2.46094 -0.546875 0.214844 0.276172
0.384766 0.459961 0.582031 0.684766 0.759961 0.882031 0.2 36.9375
S
-3.25195 4.95117 1.58203 -0.258008
0.736328 0.523438 0.914062 1.03633 0.823438 1.21406 0.2 187.719
S
-3.33984 2.05566 7.56348 0.311328
0.824219 0.459961 0.543945 1.12422 0.759961 0.843945 0.2 70.7266
S
-1.29395 0.927734 5.13184 1.19414
0.808594 0.450195 0.420898 1.10859 0.750195 0.720898 0.2 60.9609
S
-3.2959 -1.89453 1.87988 0.156055
0.918945 0.207031 0.865234 1.21895 0.507031 1.16523 0.2 114.867
S
-1.08398 -2.74414 4.86328 -0.280469
0.0722656 0.0585938 0.546875 0.372266 0.358594 0.846875 0.2 52.9531
S
-2.65625 4.8291 1.85059 -0.155469
0.495117 0.173828 0.993164 0.795117 0.473828 1.29316 0.2 50.2188
S
-4.94141 0.0976562 6.19629 1.01934
0.53125 0.818359 0.119141 0.83125 1.11836 0.419141 0.2 39.0859
S
-2.80273 2.47559 8.82324 -0.280469
0.711914 0.899414 0.0498047 1.01191 1.19941 0.349805 0.2 15.2578
S
-3.24707 4.60938 7.9541 0.47832
0.0195312 0.956055 0.461914 0.319531 1.25605 0.761914 0.2 90.8438
S
-4.95605 -0.458984 0.46875 -0.286328
0.734375 0.914062 0.759766 1.03438 1.21406 1.05977 0.2 150.023
S
0.527344 -0.00488281 7.82227 0.774219
0.183594 0.316406 0.617188 0.483594 0.616406 0.917188 0.2 52.1719
S
-4.10645 -4.2627 8.87695 -0.33418
0.953125 0.275391 0.537109 1.25313 0.575391 0.837109 0.2 121.508
S
-1.76758 0.634766 8.37891 0.826953
0.170898 0.786133 0.0751953 0.470898 1.08613 0.375195 0.2 36.9375
S
0.605469 0.844727 8.4668 0.0554688
0.254883 0.452148 0.399414 0.554883 0.752148 0.699414 0.2 129.125
S
-2.74414 -4.1748 9.66797 0.467578
0.151367 0.683594 0.477539 0.451367 0.983594 0.777539 0.2 6.27344
S
-2.68066 -3.51074 7.46094 -0.289258
0.0224609 0.0292969 0.0917969 0.322461 0.329297 0.391797 0.2 134.789
S
-4.21875 -2.08008 6.47461 0.526172
0.203125 0.629883 0.494141 0.503125 0.929883 0.794141 0.2 184.594
S
2.69531 -4.00879 3.86719 -0.00703125
0.650391 0.373047 0.152344 0.950391 0.673047 0.452344 0.2 180.688
S
2.69043 0.429688 6.84082 -0.414258
0.401367 0.890625 0.412109 0.701367 1.19063 0.712109 0.2 174.047
S
-4.05762 -0.478516 1.875 0.409961
0.933594 0.283203 0.121094 1.23359 0.583203 0.421094 0.2 183.227
S
4.33105 -4.13086 7.0752 -0.136914
0.456055 0.920898 0.418945 0.756055 1.2209 0.718945 0.2 184.594
S
-4.4043 1.77246 4.375 0.969531
0.272461 0.972656 0.870117 0.572461 1.27266 1.17012 0.2 148.07
S
0.566406 1.19141 3.25195 -0.285352
0.128906 0.9375 0.621094 0.428906 1.2375 0.921094 0.2 64.4766
S
-0.166016 -1.23047 2.63672 0.100391
0.962891 0.405273 0.0107422 1.26289 0.705273 0.310742 0.2 181.664
S
2.89551 -2.97852 2.83203 -0.67793
0.675781 0.147461 0.795898 0.975781 0.447461 1.0959 0.2 112.328
S
-2.49512 0.395508 1.05957 0.428516
0.106445 0.917969 0.493164 0.406445 1.21797 0.793164 0.2 157.055
S
1.60156 -4.28223 3.66699 -0.350781
0.793945 0.112305 0.766602 1.09395 0.412305 1.0666 0.2 35.5703
S
4.33105 -3.53516 0.361328 1.10332
0.698242 0.0615234 0.805664 0.998242 0.361523 1.10566 0.2 56.4688
S
2.32422 -3.13965 6.99707 0.989062
0.518555 0.603516 0.767578 0.818555 0.903516 1.06758 0.2 197.094
S
-1.58691 -2.77832 6.24023 0.989062
0.473633 0.259766 0.992188 0.773633 0.559766 1.29219 0.2 170.336
S
-0.581055 -1.29395 1.47949 0.288867
0.853516 0.938477 0.738281 1.15352 1.23848 1.03828 0.2 144.945
S
-3.22754 -3.33008 8.11523 -0.747266
0.394531 0.428711 0.330078 0.694531 0.728711 0.630078 0.2 29.125
S
3.99902 -1.35742 3.24219 0.518359
0.667969 0.119141 0.337891 0.967969 0.419141 0.637891 0.2 3.73438
S
1.62109 -2.07031 4.01367 1.05059
0.326172 0.189453 0.696289 0.626172 0.489453 0.996289 0.2 159.203
S
2.75879 4.96094 6.48926 0.605273
0.946289 0.55957 0.125 1.24629 0.85957 0.425 0.2 119.359
S
4.46289 -1.26465 2.30469 0.487109
0.824219 0.790039 0.853516 1.12422 1.09004 1.15352 0.2 196.117
S
-2.40723 -1.02539 6.46973 0.0505859
0.675781 0.368164 0.864258 0.975781 0.668164 1.16426 0.2 1
S
1.08398 -1.66992 4.24805 -0.257031
0.476562 0.454102 0.248047 0.776563 0.754102 0.548047 0.2 6.46875
S
-2.30957 -4.75098 2.16309 -0.20918
0.608398 0.556641 0.000976562 0.908398 0.856641 0.300977 0.2 101.195
S
-3.48145 2.29492 3.94043 -0.320508
0.249023 0.0654297 0.545898 0.549023 0.36543 0.845898 0.2 154.516
S
3.64746 3.74023 3.09082 0.605273
0.621094 0.518555 0.595703 0.921094 0.818555 0.895703 0.2 120.141
S
0.737305 1.26953 0.693359 -0.175977
0.799805 0.110352 0.651367 1.0998 0.410352 0.951367 0.2 133.422
S
-0.302734 -4.58496 4.64355 -0.252148
0.639648 0.926758 0.951172 0.939648 1.22676 1.25117 0.2 189.672
S
1.92871 -0.81543 2.11426 -0.165234
0.771484 0.123047 0.597656 1.07148 0.423047 0.897656 0.2 101.195
S
-1.87988 0.102539 4.52637 0.20293
0.501953 0.30957 0.401367 0.801953 0.60957 0.701367 0.2 71.1172
S
-2.18262 -1.31348 6.3623 -0.436719
0.626953 0.0761719 0.298828 0.926953 0.376172 0.598828 0.2 87.9141
S
0.0341797 3.14453 5.56641 -0.153516
0.555664 0.161133 0.410156 0.855664 0.461133 0.710156 0.2 12.7188
S
4.99023 0.0585938 7.88086 0.968555
0.888672 0.978516 0.269531 1.18867 1.27852 0.569531 0.2 98.4609
S
-0.00488281 -4.12598 7.57812 -0.3
0.484375 0.885742 0.149414 0.784375 1.18574 0.449414 0.2 191.43
S
-0.74707 -2.89062 2.05566 -0.322461
0.344727 0.111328 0.0429688 0.644727 0.411328 0.342969 0.2 130.688
S
-1.29883 -4.22363 4.98535 -0.504102
0.316406 0.586914 0.237305 0.616406 0.886914 0.537305 0.2 63.8906
S
-2.00684 -0.932617 5.41504 -0.313672
0.208008 0.648438 0.000976562 0.508008 0.948438 0.300977 0.2 159.203
S
-2.36816 -2.43164 1.45508 -0.790234
0.37207 0.439453 0.942383 0.67207 0.739453 1.24238 0.2 96.7031
S
4.30664 -2.66113 9.77539 0.406055
0.579102 0.00195312 0.556641 0.879102 0.301953 0.856641 0.2 137.133
S
0.766602 -2.23145 3.07617 -0.330273
0.859375 0.852539 0.783203 1.15938 1.15254 1.0832 0.2 53.3438
S
-1.66992 -0.668945 6.12305 0.658008
0.217773 0.776367 0.249023 0.517773 1.07637 0.549023 0.2 149.633
S
-1.31348 2.69531 8.76465 0.564258
0.0214844 0.810547 0.157227 0.321484 1.11055 0.457227 0.2 33.0312
S
-3.6084 -1.01074 0.224609 1.05742
0.794922 0.601562 0.823242 1.09492 0.901563 1.12324 0.2 11.3516
S
-4.22363 -1.04004 7.08496 -0.504102
0.355469 0.200195 0.0341797 0.655469 0.500195 0.33418 0.2 63.1094
S
-4.66797 -3.70605 3.84277 0.483203
0.518555 0.983398 0.0263672 0.818555 1.2834 0.326367 0.2 44.75
S
2.77832 -1.10352 2.91504 -0.26582
0.410156 0.424805 0.374023 0.710156 0.724805 0.674023 0.2 27.5625
S
-3.88672 2.09473 3.62305 -0.782422
0.0205078 0.0996094 0.0351562 0.320508 0.399609 0.335156 0.2 36.1562
S
3.46191 -3.09082 7.35352 -0.464062
0.582031 0.495117 0.646484 0.882031 0.795117 0.946484 0.2 130.688
S
-1.18652 -2.92969 4.6582 0.444141
0.569336 0.958008 0.537109 0.869336 1.25801 0.837109 0.2 198.266
S
-1.31348 0.224609 2.60254 0.526172
0.530273 0.894531 0.806641 0.830273 1.19453 1.10664 0.2 62.5234
S
1.5625 -0.410156 3.54492 -0.466992
0.818359 0.673828 0.507812 1.11836 0.973828 0.807813 0.2 102.953
S
-4.72168 -0.107422 9.22852 0.837695
0.483398 0.492188 0.286133 0.783398 0.792188 0.586133 0.2 151.781
S
4.53125 -3.91602 7.45117 -0.463086
0.825195 0.952148 0.676758 1.1252 1.25215 0.976758 0.2 18.7734
S
-0.0146484 -0.78125 1.18652 0.666797
0.262695 0.569336 0.84082 0.562695 0.869336 1.14082 0.2 191.039
S
1.74316 -0.65918 1.91406 0.366016
0.458008 0.890625 0.324219 0.758008 1.19063 0.624219 0.2 81.4688
S
-0.654297 -2.39258 1.17676 -0.448437
0.986328 0.520508 0.402344 1.28633 0.820508 0.702344 0.2 184.789
S
3.68652 -4.56543 1.2793 1.11211
0.960938 0.421875 0.176758 1.26094 0.721875 0.476758 0.2 8.22656
S
2.10938 0.302734 2.51465 -0.64082
0.491211 0.337891 0.791016 0.791211 0.637891 1.09102 0.2 33.2266
S
2.64648 -2.0459 0.0244141 -0.728711
0.518555 0.319336 0.332031 0.818555 0.619336 0.632031 0.2 70.9219
S
1.01074 -0.483398 8.50586 0.41582
0.576172 0.701172 0.134766 0.876172 1.00117 0.434766 0.2 168.773
S
-3.07129 1.94824 0.361328 -0.375195
0.967773 0.104492 0.460938 1.26777 0.404492 0.760938 0.2 78.9297
S
4.77539 4.81934 7.73926 0.646289
0.375 0.756836 0.714844 0.675 1.05684 1.01484 0.2 170.141
S
-3.26172 -3.5498 1.12793 0.028125
0.0292969 0.106445 0.822266 0.329297 0.406445 1.12227 0.2 166.43
S
3.97949 4.39453 6.93848 -0.580273
0.822266 0.477539 0.620117 1.12227 0.777539 0.920117 0.2 88.5
S
4.56055 -2.73926 4.93652 1.07988
0.347656 0.552734 0.268555 0.647656 0.852734 0.568555 0.2 61.5469
S
-2.94434 -0.917969 3.74023 0.236133
0.426758 0.0332031 0.19043 0.726758 0.333203 0.49043 0.2 17.0156
S
1.61133 2.0752 8.74023 -0.507031
0.691406 0.925781 0.535156 0.991406 1.22578 0.835156 0.2 180.102
S
4.02344 4.2627 1.61621 1.18242
0.625 0.296875 0.455078 0.925 0.596875 0.755078 0.2 143.773
S
0.776367 2.65625 0.830078 -0.29707
0.978516 0.43457 0.804688 1.27852 0.73457 1.10469 0.2 123.07
S
-3.74512 -2.23633 7.12402 0.0232422
0.585938 0.384766 0.743164 0.885938 0.684766 1.04316 0.2 19.3594
S
-4.84863 2.45605 6.00098 -0.462109
0.416992 0.665039 0.557617 0.716992 0.965039 0.857617 0.2 45.3359
S
2.58789 -1.17188 6.02051 1.09258
0.46875 0.748047 0.821289 0.76875 1.04805 1.12129 0.2 76.1953
S
1.39648 -3.28125 5.62988 0.457813
0.77832 0.0693359 0.647461 1.07832 0.369336 0.947461 0.2 195.336
S
2.41699 0.361328 4.25781 0.269336
0.686523 0.405273 0.976562 0.986523 0.705273 1.27656 0.2 144.359
S
-4.57031 0.883789 0.273438 0.70293
0.158203 0.503906 0.275391 0.458203 0.803906 0.575391 0.2 129.125
S
1.30859 4.64355 1.25977 -0.0705078
0.676758 0.570312 0.353516 0.976758 0.870313 0.653516 0.2 9.78906
S
-1.13281 -2.60254 1.06934 -0.248242
0.410156 0.860352 0.419922 0.710156 1.16035 0.719922 0.2 22.2891
S
-0.336914 2.1582 9.80957 -0.180859
0.973633 0.938477 0.665039 1.27363 1.23848 0.965039 0.2 178.539
S
0.576172 -3.05176 8.07617 1.15703
0.114258 0.660156 0.683594 0.414258 0.960156 0.983594 0.2 171.703
S
-3.66211 -2.1582 4.37988 1.14434
0.00195312 0.770508 0.100586 0.301953 1.07051 0.400586 0.2 155.297
S
-1.45996 0.566406 1.61133 -0.681836
0.0263672 0.0976562 0.0107422 0.326367 0.397656 0.310742 0.2 182.055
S
-3.33496 -0.136719 2.62207 -0.440625
0.0888672 0.140625 0.529297 0.388867 0.440625 0.829297 0.2 195.727
S
1.24023 -4.57031 9.91699 -0.666211
0.575195 0.700195 0.719727 0.875195 1.0002 1.01973 0.2 62.5234
S
-0.65918 0.78125 3.18359 1.06523
0.384766 0.536133 0.636719 0.684766 0.836133 0.936719 0.2 182.445
S
-1.75781 4.79492 1.05469 0.82207
0.139648 0.22168 0.527344 0.439648 0.52168 0.827344 0.2 39.6719
S
-4.02832 -4.74609 7.76367 0.305469
0.0898438 0.976562 0.131836 0.389844 1.27656 0.431836 0.2 169.359
S
-4.45801 0.576172 1.45508 -0.266797
0.415039 0.428711 0.225586 0.715039 0.728711 0.525586 0.2 144.555
S
3.63281 4.31152 0.737305 0.311328
0.397461 0.78418 0.204102 0.697461 1.08418 0.504102 0.2 191.82
S
3.71094 2.0752 8.33984 -0.197461
0.364258 0.194336 0.795898 0.664258 0.494336 1.0959 0.2 34.9844
S
1.22559 1.74316 9.67285 -0.644727
0.371094 0.0664062 0.6875 0.671094 0.366406 0.9875 0.2 96.8984
S
-4.09668 -1.98242 0.0634766 0.795703
0.174805 0.238281 0.87793 0.474805 0.538281 1.17793 0.2 20.7266
S
0.50293 -4.87305 0.0634766 -0.301953
0.808594 0.216797 0.456055 1.10859 0.516797 0.756055 0.2 111.156
S
-1.8457 -3.94531 0.766602 0.466602
0.405273 0.949219 0.90332 0.705273 1.24922 1.20332 0.2 70.9219
S
1.48926 -4.84375 4.02832 -0.131055
0.0966797 0.118164 0.851562 0.39668 0.418164 1.15156 0.2 56.4688
S
3.6084 -4.19434 4.36523 0.0955078
0.399414 0.25 0.796875 0.699414 0.55 1.09688 0.2 101.195
S
-1.12305 4.04297 4.98535 -0.216016
0.0253906 0.540039 0.865234 0.325391 0.840039 1.16523 0.2 132.25
S
3.75488 -3.55957 4.61426 0.35625
0.762695 0.0185547 0.806641 1.0627 0.318555 1.10664 0.2 107.836
S
0.249023 -1.93848 1.01562 -0.653516
0.729492 0.649414 0.423828 1.02949 0.949414 0.723828 0.2 91.2344
S
-2.44141 -3.52051 1.7334 1.11016
0.0458984 0.857422 0.59082 0.345898 1.15742 0.89082 0.2 165.258
S
4.75586 2.03125 2.02148 0.176563
0.0537109 0.460938 0.368164 0.353711 0.760938 0.668164 0.2 61.5469
S
-0.869141 2.77344 9.26758 0.263477
0.426758 0.660156 0.402344 0.726758 0.960156 0.702344 0.2 125.414
S
-3.64258 -1.00098 8.84277 -0.799023
0.150391 0.191406 0.452148 0.450391 0.491406 0.752148 0.2 133.422
S
2.43652 3.98926 7.86133 -0.266797
0.94043 0.981445 0.645508 1.24043 1.28145 0.945508 0.2 179.32
S
1.93359 -1.20605 4.34082 -0.466992
0.296875 0.5 0.0292969 0.596875 0.8 0.329297 0.2 176.391
S
0.268555 -0.585938 5.93262 0.826953
0.458008 0.783203 0.249023 0.758008 1.0832 0.549023 0.2 38.3047
S
-2.08496 0.0830078 4.07227 0.933398
0.791992 0.733398 0.395508 1.09199 1.0334 0.695508 0.2 140.062
S
-4.67773 -0.166016 1.14258 -0.795117
0.0517578 0.416992 0.896484 0.351758 0.716992 1.19648 0.2 134.008
S
1.7041 -1.18164 3.33496 -0.162305
0.736328 0.696289 0.239258 1.03633 0.996289 0.539258 0.2 64.4766
S
-2.10449 4.73633 4.7168 0.321094
0.730469 0.807617 0.93457 1.03047 1.10762 1.23457 0.2 138.305
S
1.04492 -1.25488 0.234375 0.616992
0.0146484 0.441406 0.112305 0.314648 0.741406 0.412305 0.2 16.8203
S
-2.95898 1.7041 5.41504 0.556445
0.922852 0.0205078 0.69043 1.22285 0.320508 0.99043 0.2 53.7344
S
3.71582 -3.21289 9.50684 -0.794141
0.946289 0.337891 0.323242 1.24629 0.637891 0.623242 0.2 74.4375
S
-1.95312 -3.66699 8.76465 -0.461133
0.541992 0.6875 0.347656 0.841992 0.9875 0.647656 0.2 134.398
S
-2.82227 -1.50879 5.41504 0.650195
0.860352 0.804688 0.470703 1.16035 1.10469 0.770703 0.2 91.4297
S
2.67578 3.06152 9.52148 0.658008
0.40918 0.594727 0.27832 0.70918 0.894727 0.57832 0.2 134.203
S
4.76074 -1.88477 1.69922 -0.794141
0.285156 0.662109 0.362305 0.585156 0.962109 0.662305 0.2 179.906
S
4.64355 -3.04688 1.16699 -0.413281
0.921875 0.115234 0.947266 1.22188 0.415234 1.24727 0.2 98.2656
S
2.91504 0.678711 9.81934 0.922656
0.331055 0.507812 0.729492 0.631055 0.807813 1.02949 0.2 27.7578
S
-4.47754 -4.12598 1.62109 -0.104687
0.768555 0.0458984 0.0283203 1.06855 0.345898 0.32832 0.2 145.141
S
3.34473 1.84082 8.62793 0.154102
0.0302734 0.636719 0.152344 0.330273 0.936719 0.452344 0.2 9.39844
S
-1.23047 0.405273 6.72363 0.0320313
0.96582 0.397461 0.344727 1.26582 0.697461 0.644727 0.2 110.766
S
-2.33398 1.54297 6.35742 1.06328
0.800781 0.541992 0.270508 1.10078 0.841992 0.570508 0.2 181.859
S
3.5791 0.263672 2.99805 0.684375
0.901367 0.62793 0.205078 1.20137 0.92793 0.505078 0.2 154.32
S
-0.0244141 -0.34668 3.60352 -0.774609
0.293945 0.568359 0.0166016 0.593945 0.868359 0.316602 0.2 191.43
S
-1.75781 -3.36426 4.39453 -0.185742
0.724609 0.776367 0.837891 1.02461 1.07637 1.13789 0.2 149.633
S
2.66113 2.16797 0.600586 0.532031
0.0253906 0.150391 0.236328 0.325391 0.450391 0.536328 0.2 62.9141
S
4.51172 4.17969 0.874023 1.2
0.462891 0.379883 0.766602 0.762891 0.679883 1.0666 0.2 109.398
S
-3.45215 -2.56348 2.41699 0.803516
0.945312 0.46582 0.650391 1.24531 0.76582 0.950391 0.2 60.375
S
3.96484 -2.35352 6.58691 0.717578
0.24707 0.479492 0.774414 0.54707 0.779492 1.07441 0.2 143.969
S
-0.439453 4.47266 8.08594 1.08672
0.256836 0.146484 0.422852 0.556836 0.446484 0.722852 0.2 71.8984
S
-1.55762 -1.24023 3.22754 -0.648633
0.868164 0.587891 0.390625 1.16816 0.887891 0.690625 0.2 112.719
S
-0.507812 0.463867 0.219727 0.153125
0.441406 0.694336 0.65625 0.741406 0.994336 0.95625 0.2 130.688
S
-3.88184 -0.131836 9.34082 0.176563
0.547852 0.642578 0.261719 0.847852 0.942578 0.561719 0.2 73.8516
S
2.68066 -0.610352 6.25488 -0.520703
0.731445 0.828125 0.0751953 1.03145 1.12813 0.375195 0.2 117.016
S
-2.09961 2.84668 2.85645 -0.0880859
0.981445 0.180664 0.152344 1.28145 0.480664 0.452344 0.2 25.0234
S
-3.6377 0.981445 9.16504 0.0310547
0.109375 0.489258 0.181641 0.409375 0.789258 0.481641 0.2 23.8516
S
-2.69043 0.249023 0.454102 0.114063
0.307617 0.352539 0.72168 0.607617 0.652539 1.02168 0.2 155.297
S
-3.84766 2.64648 2.53906 1.16094
0.357422 0.431641 0.619141 0.657422 0.731641 0.919141 0.2 188.5
S
0.00488281 -0.244141 3.24707 0.182422
0.868164 0.801758 0.861328 1.16816 1.10176 1.16133 0.2 120.141
S
-0.00976562 3.47168 6.17188 1.08867
0.182617 0.583984 0.00292969 0.482617 0.883984 0.30293 0.2 129.906
S
2.3291 0.46875 2.79297 -0.641797
0.554688 0.163086 0.614258 0.854688 0.463086 0.914258 0.2 65.8438
S
-3.16895 -0.532227 3.18359 0.923633
0.674805 0.0166016 0.661133 0.974805 0.316602 0.961133 0.2 66.2344
S
4.83887 -3.44727 1.53809 -0.700391
0.888672 0.831055 0.49707 1.18867 1.13105 0.79707 0.2 22.875
S
4.31641 3.68652 4.98535 0.245898
0.84668 1 0.30957 1.14668 1.3 0.60957 0.2 124.828
S
0.463867 1.24512 8.88672 0.738086
0.914062 0.836914 0.786133 1.21406 1.13691 1.08613 0.2 110.57
S
0.27832 -0.751953 0.878906 0.580859
0.866211 0.836914 0.293945 1.16621 1.13691 0.593945 0.2 167.797
S
-4.26758 0.0683594 9.66797 -0.542188
0.182617 0.563477 0.367188 0.482617 0.863477 0.667188 0.2 10.1797
S
-4.13086 -3.17871 0.454102 -0.472852
0.636719 0.21875 0.946289 0.936719 0.51875 1.24629 0.2 92.2109
S
-4.85352 3.61328 4.9707 -0.684766
0.885742 0.208008 0.433594 1.18574 0.508008 0.733594 0.2 12.7188
S
-4.71191 -1.28906 1.60645 1.12383
0.421875 0.0273438 0.757812 0.721875 0.327344 1.05781 0.2 56.0781
S
-4.79492 3.45215 4.91211 0.423633
0.873047 0.650391 0.730469 1.17305 0.950391 1.03047 0.2 141.039
S
-1.43555 -3.19824 3.13477 0.276172
0.140625 0.427734 0.467773 0.440625 0.727734 0.767773 0.2 34.9844
S
-3.52539 2.63184 6.42578 -0.619336
0.265625 0.851562 0.121094 0.565625 1.15156 0.421094 0.2 42.7969
S
-2.03613 2.21191 3.57422 0.370898
0.530273 0.52832 0.895508 0.830273 0.82832 1.19551 0.2 98.8516
S
-4.18945 -0.610352 8.67188 -0.510938
0.227539 0.996094 0.411133 0.527539 1.29609 0.711133 0.2 189.086
S
-3.18359 1.07422 5.08301 0.703906
0.787109 0.548828 0.326172 1.08711 0.848828 0.626172 0.2 184.594
S
0.375977 4.79492 1.31348 1.00859
0.80957 0.383789 0.400391 1.10957 0.683789 0.700391 0.2 120.531
S
-0.869141 1.57227 7.86621 0.495898
0.786133 0.46875 0.806641 1.08613 0.76875 1.10664 0.2 190.648
S
-3.2666 2.70508 1.18164 0.774219
0.543945 0.174805 0.513672 0.843945 0.474805 0.813672 0.2 182.445
S
-4.7998 -2.34863 7.05566 1.02715
0.921875 0.915039 0.90918 1.22188 1.21504 1.20918 0.2 31.6641
S
-4.78027 -4.14551 4.80957 1.05352
0.554688 0.561523 0.744141 0.854688 0.861523 1.04414 0.2 125.023
S
-0.625 4.14551 8.37891 -0.138867
0.297852 0.481445 0.391602 0.597852 0.781445 0.691602 0.2 129.906
S
0.112305 -0.776367 6.08887 -0.233594
0.669922 0.268555 0.526367 0.969922 0.568555 0.826367 0.2 142.797
S
1.30859 4.42383 7.68066 0.539844
0.969727 0.444336 0.507812 1.26973 0.744336 0.807813 0.2 198.461
S
3.07617 2.27051 9.33105 0.369922
0.0146484 0.878906 0.549805 0.314648 1.17891 0.849805 0.2 178.93
S
4.75098 1.12305 2.75391 0.44707
0.293945 0.15918 0.108398 0.593945 0.45918 0.408398 0.2 146.703
S
-4.98047 -4.45312 1.46973 0.872852
0.15918 0.232422 0.381836 0.45918 0.532422 0.681836 0.2 180.688
S
-1.74316 -0.410156 7.20703 -0.178906
0.637695 0.933594 0.366211 0.937695 1.23359 0.666211 0.2 196.508
S
1.93359 -2.50488 5.73242 -0.398633
0.379883 0.303711 0.708984 0.679883 0.603711 1.00898 0.2 86.9375
S
4.60449 -0.791016 9.08691 -0.173047
1 0.291992 0.645508 1.3 0.591992 0.945508 0.2 200.219
S
-0.913086 -1.75781 8.38379 0.857227
0.416016 0.0585938 0.758789 0.716016 0.358594 1.05879 0.2 187.523
S
4.87793 1.00098 3.4375 -0.462109
0.132812 0.321289 0.685547 0.432812 0.621289 0.985547 0.2 97.0938
S
4.10156 2.30469 4.60449 -0.35957
0.842773 0.211914 0.00976562 1.14277 0.511914 0.309766 0.2 185.57
S
-4.73145 -0.864258 3.52051 -0.746289
0.535156 0.0585938 0.943359 0.835156 0.358594 1.24336 0.2 130.688
S
3.53516 3.66699 0.0439453 0.32207
0.208984 0.767578 0.189453 0.508984 1.06758 0.489453 0.2 47.6797
S
-0.161133 4.38477 5.52246 -0.699414
0.197266 0.418945 0.379883 0.497266 0.718945 0.679883 0.2 4.51562
S
-0.600586 2.70508 7.28516 0.236133
0.24707 0.533203 0.113281 0.54707 0.833203 0.413281 0.2 39.8672
S
1.46973 4.08691 4.29688 0.028125
0.125 0.0839844 0.179688 0.425 0.383984 0.479687 0.2 84.5938
S
-1.75781 0.942383 8.52051 0.639453
0.0439453 0.107422 0.793945 0.343945 0.407422 1.09395 0.2 185.766
S
-1.15234 1.55273 0.117188 1.1668
0.271484 0.356445 0.0166016 0.571484 0.656445 0.316602 0.2 122.68
S
-4.08203 -2.79785 3.22266 0.136523
0.0927734 0.757812 0.742188 0.392773 1.05781 1.04219 0.2 160.766
S
2.87109 -1.99707 5.14648 -0.350781
0.516602 0.791016 0.03125 0.816602 1.09102 0.33125 0.2 167.992
S
1.9873 -1.32812 8.02246 -0.446484
0.626953 0.810547 0.723633 0.926953 1.11055 1.02363 0.2 121.703
S
0.600586 -3.50098 1.81152 1.04863
0.0566406 0.345703 0.457031 0.356641 0.645703 0.757031 0.2 26.3906
S
3.93066 -4.49707 0.3125 -0.106641
0.858398 0.804688 0.105469 1.1584 1.10469 0.405469 0.2 87.5234
S
-2.97363 4.61426 9.40918 1.1209
0.868164 0.0878906 0.914062 1.16816 0.387891 1.21406 0.2 106.664
S
3.23242 3.44727 9.40918 0.473438
0.5 0.841797 0.669922 0.8 1.1418 0.969922 0.2 76.9766
S
-2.70996 -4.83887 2.34375 0.600391
0.37793 0.924805 0.472656 0.67793 1.2248 0.772656 0.2 33.8125
S
-4.87305 -2.05078 9.28711 1.08379
0.606445 0.249023 0.31543 0.906445 0.549023 0.61543 0.2 41.2344
S
-1.63086 0.986328 3.59863 0.00566406
0.890625 0.195312 0.666016 1.19063 0.495312 0.966016 0.2 152.172
S
-2.5293 -3.92578 5.14648 1.19414
0.626953 0.301758 0.386719 0.926953 0.601758 0.686719 0.2 34.9844
S
-1.34766 0.410156 1.15234 -0.692578
0.00683594 0.242188 0.271484 0.306836 0.542188 0.571484 0.2 7.44531
S
1.7334 0.639648 4.5752 0.940234
0.878906 0.769531 0.460938 1.17891 1.06953 0.760938 0.2 90.4531
S
2.13867 1.28906 6.79199 0.736133
0.9375 0.691406 0.291992 1.2375 0.991406 0.591992 0.2 89.6719
S
4.53125 -3.39844 2.75391 -0.520703
0.0185547 0.164062 0.109375 0.318555 0.464062 0.409375 0.2 150.805
S
-3.77441 1.69922 9.28223 0.451953
0.90332 0.126953 0.716797 1.20332 0.426953 1.0168 0.2 89.6719
S
-3.72559 0.991211 5.91797 -0.666211
0.428711 0.722656 0.313477 0.728711 1.02266 0.613477 0.2 29.7109
S
-0.0976562 -4.77539 1.96289 0.242969
0.736328 0.683594 0.599609 1.03633 0.983594 0.899609 0.2 129.516
S
-4.98047 -4.25293 9.60449 0.222461
0.313477 0.0302734 0.228516 0.613477 0.330273 0.528516 0.2 112.719
S
-3.1543 -1.86523 4.04785 -0.33418
0.753906 0.0927734 0.90918 1.05391 0.392773 1.20918 0.2 199.242
S
-3.54492 0.463867 0.712891 0.919727
0.18457 0.170898 0.423828 0.48457 0.470898 0.723828 0.2 159.984
S
-0.629883 -0.161133 4.18945 -0.190625
0.348633 0.563477 0.748047 0.648633 0.863477 1.04805 0.2 69.9453
S
-2.07031 -4.13574 8.38867 1.09941
0.202148 0.550781 0.457031 0.502148 0.850781 0.757031 0.2 115.258
S
0.380859 -3.66699 0.185547 0.0300781
0.359375 0.946289 0.161133 0.659375 1.24629 0.461133 0.2 131.078
S
0.195312 -0.0927734 6.85059 1.05449
0.810547 0.946289 0.649414 1.11055 1.24629 0.949414 0.2 64.2812
S
-0.429688 -2.56836 6.46484 0.76543
0.0771484 0.544922 0.779297 0.377148 0.844922 1.0793 0.2 102.758
S
3.58398 4.49219 7.04102 0.118945
0.65332 0.134766 0.509766 0.95332 0.434766 0.809766 0.2 85.5703
S
0.65918 -2.36328 1.25977 -0.308789
0.526367 0.0908203 0.858398 0.826367 0.39082 1.1584 0.2 103.539
S
-4.64355 2.55859 6.83594 1.08184
0.457031 0.015625 0.43457 0.757031 0.315625 0.73457 0.2 126.781
S
2.50977 4.29199 9.67773 -0.375195
0.402344 0.84375 0.933594 0.702344 1.14375 1.23359 0.2 24.8281
S
-4.73145 1.70898 0.19043 -0.399609
0.793945 0.47168 0.823242 1.09395 0.77168 1.12324 0.2 68.5781
S
0.27832 -4.62402 9.14062 0.729297
0.165039 0.969727 0.0419922 0.465039 1.26973 0.341992 0.2 48.2656
S
2.40234 -2.9541 5.59082 0.1375
0.424805 0.682617 0.308594 0.724805 0.982617 0.608594 0.2 15.6484
S
2.70508 1.2207 6.75781 0.143359
0.399414 0.285156 0.9375 0.699414 0.585156 1.2375 0.2 91.625
S
-1.87012 -4.49707 9.26758 0.0320313
0.371094 0.676758 0.830078 0.671094 0.976758 1.13008 0.2 137.914
S
3.75488 4.99023 6.06934 0.116016
0.966797 0.744141 0.847656 1.2668 1.04414 1.14766 0.2 90.4531
S
-1.67969 1.35254 1.92383 -0.711133
0.046875 0.693359 0.0146484 0.346875 0.993359 0.314648 0.2 102.367
S
-0.317383 -3.16895 7.18262 -0.464062
0.650391 0.498047 0.789062 0.950391 0.798047 1.08906 0.2 145.727
S
2.99316 3.21289 5.54199 -0.573438
0.319336 0.27832 0.911133 0.619336 0.57832 1.21113 0.2 15.0625
S
1.37695 0.620117 9.93164 0.442188
0.379883 0.861328 0.310547 0.679883 1.16133 0.610547 0.2 192.211
S
2.04102 0.371094 0.65918 -0.438672
0.232422 0.146484 0.145508 0.532422 0.446484 0.445508 0.2 141.82
S
2.56348 -3.5498 0.200195 0.363086
0.788086 0.829102 0.439453 1.08809 1.1291 0.739453 0.2 78.3438
S
2.3584 -2.26074 8.06641 -0.00996094
0.825195 0.523438 0.860352 1.1252 0.823438 1.16035 0.2 21.1172
S
-1.7627 4.22852 1.71387 -0.772656
0.984375 0.0322266 0.929688 1.28438 0.332227 1.22969 0.2 79.5156
S
-4.46777 -3.98926 8.76465 0.0740234
0.348633 0.392578 0.422852 0.648633 0.692578 0.722852 0.2 28.7344
S
-0.512695 -1.91406 0.117188 -0.114453
0.554688 0.462891 0.928711 0.854688 0.762891 1.22871 0.2 184.398
S
-4.95117 3.42285 3.53516 1.03496
0.208008 0.433594 0.0644531 0.508008 0.733594 0.364453 0.2 172.094
S
-2.93945 1.3916 9.40918 -0.403516
0.689453 0.952148 0.788086 0.989453 1.25215 1.08809 0.2 117.602
S
-4.22852 2.70508 6.45508 0.70293
0.851562 0.868164 0.635742 1.15156 1.16816 0.935742 0.2 9.98438
S
-2.57812 -3.06152 8.65234 0.129688
0.849609 0.801758 0.15332 1.14961 1.10176 0.45332 0.2 172.875
S
2.42676 2.76367 8.47168 -0.106641
0.880859 0.370117 0.452148 1.18086 0.670117 0.752148 0.2 94.75
S
4.54102 -2.85156 4.63867 -0.58125
0.618164 0.28418 0.364258 0.918164 0.58418 0.664258 0.2 93.7734
S
-3.71582 4.63379 0.195312 -0.395703
0.793945 0.59668 0.449219 1.09395 0.89668 0.749219 0.2 145.336
S
-1.0498 0.898438 6.04004 -0.160352
0.0195312 0.945312 0.500977 0.319531 1.24531 0.800977 0.2 107.836
S
3.03711 -4.0332 5.7959 0.926562
0.176758 0.707031 0.742188 0.476758 1.00703 1.04219 0.2 54.7109
S
-4.31641 0.922852 4.75098 -0.281445
0.900391 0.585938 0.0546875 1.20039 0.885938 0.354687 0.2 169.75
S
2.56348 0.46875 2.80273 0.506641
0.496094 0.990234 0.584961 0.796094 1.29023 0.884961 0.2 143.773
S
0.947266 -1.03516 4.62891 -0.630078
0.15332 0.424805 0.364258 0.45332 0.724805 0.664258 0.2 110.18
S
3.09082 3.96973 0.898438 -0.358594
0.500977 0.5625 0.172852 0.800977 0.8625 0.472852 0.2 128.344
S
3.11035 -4.38477 0.776367 0.721484
0.708984 0.208984 0.677734 1.00898 0.508984 0.977734 0.2 45.3359
S
-3.48633 -3.80859 2.63672 0.998828
0.751953 0.887695 0.915039 1.05195 1.1877 1.21504 0.2 88.5
S
-0.478516 0.0537109 8.03223 0.950977
0.564453 0.757812 0.794922 0.864453 1.05781 1.09492 0.2 190.258
S
-4.81934 -3.07617 2.47559 0.736133
0.178711 0.667969 0.172852 0.478711 0.967969 0.472852 0.2 112.328
S
3.95508 1.64062 9.82422 0.7
0.462891 0.642578 0.279297 0.762891 0.942578 0.579297 0.2 33.2266
S
4.4043 1.24023 3.18848 -0.671094
0.360352 0.27832 0.56543 0.660352 0.57832 0.86543 0.2 148.07
S
3.66211 0.859375 0.078125 -0.633008
0.414062 0.780273 0.779297 0.714063 1.08027 1.0793 0.2 90.8438
S
-1.97754 -1.42578 4.92676 0.625781
0.617188 0.841797 0.868164 0.917188 1.1418 1.16816 0.2 166.43
S
2.43164 4.16504 8.36426 -0.777539
0.474609 0.606445 0.138672 0.774609 0.906445 0.438672 0.2 72.0938
S
3.20801 2.49512 7.41699 0.200977
0.779297 0.0488281 0.265625 1.0793 0.348828 0.565625 0.2 191.43
S
-3.89648 1.40137 0.595703 0.834766
0.5 0.660156 0.0839844 0.8 0.960156 0.383984 0.2 180.102
S
0.273438 -4.65332 7.64648 0.636523
0.772461 0.397461 0.609375 1.07246 0.697461 0.909375 0.2 143.578
S
1.15234 1.41113 8.67676 -0.0949219
0.674805 0.40332 0.94043 0.974805 0.70332 1.24043 0.2 64.2812
S
-4.52148 2.71484 1.58691 -0.48457
0.408203 0.582031 0.732422 0.708203 0.882031 1.03242 0.2 38.5
S
-0.688477 -3.06641 2.23633 -0.437695
0.273438 0.530273 0.533203 0.573438 0.830273 0.833203 0.2 157.055
S
2.99805 4.98047 6.08398 1.02617
0.393555 0.173828 0.539062 0.693555 0.473828 0.839063 0.2 76.3906
S
-4.45801 1.37207 6.64062 0.983203
0.871094 0.387695 0.0986328 1.17109 0.687695 0.398633 0.2 194.359
S
-0.34668 2.08008 1.41113 0.722461
0.00195312 0.450195 0.665039 0.301953 0.750195 0.965039 0.2 173.07
S
-0.317383 -1.09375 1.11328 0.862109
0.688477 0.311523 0.442383 0.988477 0.611523 0.742383 0.2 183.227
S
-1.57715 -1.7041 8.68652 -0.722852
0.485352 0.276367 0.299805 0.785352 0.576367 0.599805 0.2 119.75
S
-2.24609 -4.8584 6.87988 -0.378125
0.415039 0.525391 0.612305 0.715039 0.825391 0.912305 0.2 131.859
S
4.45312 -1.65039 9.33594 0.0876953
0.21875 0.797852 0.251953 0.51875 1.09785 0.551953 0.2 169.945
S
-0.0830078 -0.151367 9.08691 0.494922
0.658203 0.259766 0.205078 0.958203 0.559766 0.505078 0.2 132.445
S
4.59473 -0.288086 2.09961 0.604297
0.782227 0.120117 0.00292969 1.08223 0.420117 0.30293 0.2 47.2891
S
0.737305 -3.13477 5.94727 -0.2375
0.152344 0.577148 0.0917969 0.452344 0.877148 0.391797 0.2 53.3438
S
-3.76465 -1.12305 8.12988 0.66582
0.0234375 0.626953 0.620117 0.323437 0.926953 0.920117 0.2 192.992
S
1.71387 2.1875 6.26953 0.200977
0.303711 0.541016 0.34375 0.603711 0.841016 0.64375 0.2 77.9531
S
2.00684 3.81348 0.0927734 0.819141
0.117188 0.015625 0.613281 0.417187 0.315625 0.913281 0.2 194.945
S
1.94336 2.88086 2.96387 -0.563672
0.15332 0.5 0.0253906 0.45332 0.8 0.325391 0.2 81.0781
S
-3.62305 -2.00195 4.32617 0.451953
0.0273438 0.514648 0.210938 0.327344 0.814648 0.510938 0.2 137.914
S
4.61426 -2.67578 6.58203 -0.180859
0.0761719 0.339844 0.233398 0.376172 0.639844 0.533398 0.2 135.961
S
-2.88574 1.25977 9.7168 0.504687
0.732422 0.669922 0.334961 1.03242 0.969922 0.634961 0.2 132.25
S
4.53125 4.63379 9.46289 0.25957
0.426758 0.132812 0.540039 0.726758 0.432812 0.840039 0.2 141.43
S
2.33398 1.62598 4.76562 -0.360547
0.810547 0.835938 0.245117 1.11055 1.13594 0.545117 0.2 147.484
S
-1.85547 -4.64355 1.75781 0.752734
0.269531 0.584961 0.87793 0.569531 0.884961 1.17793 0.2 31.6641
S
-0.81543 4.10645 2.29004 0.304492
0.848633 0.791992 0.239258 1.14863 1.09199 0.539258 0.2 189.477
S
3.59375 -1.7334 5.58594 0.345508
0.519531 0.576172 0.152344 0.819531 0.876172 0.452344 0.2 3.73438
S
-0.493164 4.00391 7.12402 -0.0890625
0.964844 0.820312 0.556641 1.26484 1.12031 0.856641 0.2 82.25
S
-3.75 -1.02539 0.732422 0.180469
0.621094 0.976562 0.866211 0.921094 1.27656 1.16621 0.2 44.1641
S
4.22363 -2.0459 1.59668 1.19512
0.617188 0.0800781 0.947266 0.917188 0.380078 1.24727 0.2 180.688
S
3.66211 0.844727 6.23535 0.451953
0.254883 0.905273 0.761719 0.554883 1.20527 1.06172 0.2 130.297
S
4.47266 3.31543 1.78711 1.05937
0.841797 0.199219 0.547852 1.1418 0.499219 0.847852 0.2 182.641
S
2.97363 -2.00684 5.36133 1.17363
0.37793 0.206055 0.189453 0.67793 0.506055 0.489453 0.2 107.836
S
3.98438 2.54395 2.30469 -0.620313
0.412109 0.486328 0.71875 0.712109 0.786328 1.01875 0.2 136.938
S
3.41309 2.6416 7.86133 -0.372266
0.62207 0.810547 0.926758 0.92207 1.11055 1.22676 0.2 104.32
S
2.36328 -2.84668 6.87988 0.514453
0.230469 0.828125 0.40625 0.530469 1.12813 0.70625 0.2 35.9609
S
-2.87109 -2.60742 3.99414 0.247852
0.68457 0.988281 0.513672 0.98457 1.28828 0.813672 0.2 97.0938
S
2.48047 4.87305 8.30078 -0.716016
0.512695 0.94043 0.595703 0.812695 1.24043 0.895703 0.2 167.016
S
2.34375 4.88281 2.9834 0.29082
0.787109 0.330078 0.392578 1.08711 0.630078 0.692578 0.2 52.9531
S
0.50293 4.91211 2.87109 -0.468945
0.810547 0.980469 0.15625 1.11055 1.28047 0.45625 0.2 153.734
S
-2.70508 4.77539 6.41602 -0.657422
0.942383 0.203125 0.623047 1.24238 0.503125 0.923047 0.2 88.6953
S
-1.14746 1.41602 7.6123 0.457813
0.223633 0.926758 0.427734 0.523633 1.22676 0.727734 0.2 62.7188
S
4.5166 -4.87793 8.91113 0.89043
0.305664 0.611328 0.0507812 0.605664 0.911328 0.350781 0.2 159.789
S
-3.14453 2.61719 0.625 -0.618359
0.50293 0.280273 0.583008 0.80293 0.580273 0.883008 0.2 193.383
S
1.17676 3.50098 0.522461 0.377734
0.50293 0.727539 0.383789 0.80293 1.02754 0.683789 0.2 54.5156
S
0.0488281 -4.30664 2.62695 -0.566602
0.93457 0.952148 0.0751953 1.23457 1.25215 0.375195 0.2 194.75
S
4.88281 -1.46973 8.29102 -0.130078
0.0947266 0.392578 0.536133 0.394727 0.692578 0.836133 0.2 94.1641
S
-4.3457 -2.05566 8.2373 0.833789
0.869141 0.935547 0.594727 1.16914 1.23555 0.894727 0.2 21.7031
S
3.82324 3.49609 1.40625 -0.539258
0.425781 0.103516 0.52832 0.725781 0.403516 0.82832 0.2 113.891
S
0.175781 -4.73633 3.34473 0.299609
0.995117 0.592773 0.0683594 1.29512 0.892773 0.368359 0.2 197.289
S
-3.50586 -1.36719 3.25684 0.593555
0.333984 0.115234 0.140625 0.633984 0.415234 0.440625 0.2 93.7734
S
3.51562 -2.46582 5.48828 0.772266
0.429688 0.307617 0.324219 0.729688 0.607617 0.624219 0.2 134.008
S
-3.04688 -0.219727 2.97852 1.01641
0.852539 0.876953 0.748047 1.15254 1.17695 1.04805 0.2 23.4609
S
-4.12109 -0.395508 9.93652 -0.619336
0.486328 0.0546875 0.837891 0.786328 0.354687 1.13789 0.2 38.5
S
3.90625 -0.9375 1.03027 0.314258
0.927734 0.0654297 0.421875 1.22773 0.36543 0.721875 0.2 127.172
S
2.85645 3.37891 6.01074 -0.658398
0.632812 0.87793 0.523438 0.932813 1.17793 0.823438 0.2 49.4375
S
-0.830078 0.356445 2.87109 -0.113477
0.194336 0.173828 0.573242 0.494336 0.473828 0.873242 0.2 75.0234
S
3.73535 2.80273 7.75391 -0.540234
0.384766 0.712891 0.0722656 0.684766 1.01289 0.372266 0.2 121.898
S
-2.37305 1.38672 7.54883 -0.347852
0.657227 0.912109 0.916992 0.957227 1.21211 1.21699 0.2 183.812
S
3.81836 1.42578 0.27832 -0.669141
0.162109 0.46875 0.111328 0.462109 0.76875 0.411328 0.2 200.219
S
3.0127 2.31445 3.4082 -0.003125
0.710938 0.745117 0.833008 1.01094 1.04512 1.13301 0.2 193.969
S
4.07715 3.58887 1.47461 -0.370312
0.430664 0.367188 0.174805 0.730664 0.667188 0.474805 0.2 192.016
S
-1.77734 -3.3252 2.03613 0.186328
0.577148 0.509766 0.0996094 0.877148 0.809766 0.399609 0.2 163.695
S
3.87207 -0.224609 1.58203 0.136523
0.486328 0.205078 0.0673828 0.786328 0.505078 0.367383 0.2 18.7734
S
-1.66504 3.07129 9.42871 0.156055
0.869141 0.947266 0.00878906 1.16914 1.24727 0.308789 0.2 137.719
S
3.85254 1.43066 0.566406 0.401172
0.347656 0.0615234 0.15625 0.647656 0.361523 0.45625 0.2 60.375
S
1.36719 2.81738 1.41602 0.896289
0.947266 0.182617 0.882812 1.24727 0.482617 1.18281 0.2 166.43
S
-4.31152 -4.00391 3.81836 0.824023
0.40332 0.696289 0.287109 0.70332 0.996289 0.587109 0.2 186.938
S
1.54785 -2.00684 5.13184 0.378711
0.348633 0.983398 0.137695 0.648633 1.2834 0.437695 0.2 116.625
S
1.51367 -0.12207 8.11523 1.15508
0.914062 0.22168 0.250977 1.21406 0.52168 0.550977 0.2 38.5
S
-3.29102 2.6709 4.41895 -0.405469
0.283203 0.234375 0.77832 0.583203 0.534375 1.07832 0.2 30.1016
S
-0.175781 -0.0732422 2.39258 -0.431836
0.319336 0.191406 0.561523 0.619336 0.491406 0.861523 0.2 199.047
S
3.9502 2.31934 5.84473 -0.358594
0.480469 0.969727 0.136719 0.780469 1.26973 0.436719 0.2 44.3594
S
0.0292969 -2.57324 3.68652 0.118945
0.263672 0.988281 0.893555 0.563672 1.28828 1.19355 0.2 122.094
S
2.6123 -0.0537109 9.99512 -0.561719
0.754883 0.779297 0.0927734 1.05488 1.0793 0.392773 0.2 57.0547
S
1.02539 2.85156 5.43457 1.08574
0.238281 0.525391 0.875977 0.538281 0.825391 1.17598 0.2 90.8438
S
-0.0537109 0.224609 4.96094 -0.330273
0.0751953 0.854492 0.251953 0.375195 1.15449 0.551953 0.2 184.984
S
-3.30078 4.94629 4.99512 0.803516
0.977539 0.105469 0.208984 1.27754 0.405469 0.508984 0.2 101
S
-4.52637 1.04004 8.69141 1.04961
0.427734 0.169922 0.431641 0.727734 0.469922 0.731641 0.2 74.4375
S
-2.99805 3.27637 2.59277 0.362109
0.180664 0.605469 0.712891 0.480664 0.905469 1.01289 0.2 167.211
S
2.19727 -1.47949 3.19336 -0.286328
0.441406 0.890625 0.40625 0.741406 1.19063 0.70625 0.2 21.3125
S
4.39941 2.96387 2.50977 1.05742
0.301758 0.710938 0.356445 0.601758 1.01094 0.656445 0.2 42.6016
S
-0.410156 0.473633 3.20801 -0.454297
0.924805 0.209961 0.0214844 1.2248 0.509961 0.321484 0.2 135.961
S
-0.673828 2.48535 7.43164 -0.755078
0.891602 0.199219 0.786133 1.1916 0.499219 1.08613 0.2 67.2109
S
4.5166 -0.737305 9.22363 -0.338086
0.257812 0.561523 0.360352 0.557813 0.861523 0.660352 0.2 76.5859
S
-4.84375 4.31152 2.39258 -0.0714844
0.572266 0.834961 0.520508 0.872266 1.13496 0.820508 0.2 102.953
S
-0.351562 -4.18945 4.17969 0.0535156
0.371094 0.814453 0.178711 0.671094 1.11445 0.478711 0.2 153.734
S
1.55762 -1.6748 1.40625 0.403125
0.863281 0.504883 0.46582 1.16328 0.804883 0.76582 0.2 154.32
S
1.7334 -3.11035 1.1377 -0.711133
0.183594 0.587891 0.289062 0.483594 0.887891 0.589063 0.2 31.6641
S
2.24609 0.947266 7.87598 0.221484
0.0244141 0.0957031 0.511719 0.324414 0.395703 0.811719 0.2 191.625
S
1.28906 -3.26172 4.0332 -0.171094
0.837891 0.985352 0.135742 1.13789 1.28535 0.435742 0.2 95.7266
S
-1.75293 0.727539 3.38379 -0.287305
0.639648 0.210938 0.720703 0.939648 0.510938 1.0207 0.2 3.73438
S
2.94434 -2.46582 5.37598 -0.395703
0.90625 0.786133 0.250977 1.20625 1.08613 0.550977 0.2 109.594
S
-0.126953 -0.869141 2.82227 1.19902
0.921875 0.923828 0.952148 1.22188 1.22383 1.25215 0.2 36.9375
S
-2.88086 -1.20605 9.03809 -0.214062
0.256836 0.328125 0.94043 0.556836 0.628125 1.24043 0.2 79.5156
S
4.08691 -1.31836 9.52637 0.657031
0.947266 0.81543 0.556641 1.24727 1.11543 0.856641 0.2 108.031
S
-1.54785 2.59277 9.69727 -0.0158203
0.303711 0.19043 0.672852 0.603711 0.49043 0.972852 0.2 145.336
S
-4.91699 -0.541992 1.38672 1.13848
0.0322266 0.771484 0.118164 0.332227 1.07148 0.418164 0.2 79.3203
S
-0.0634766 -0.371094 9.8877 0.930469
0.597656 0.962891 0.123047 0.897656 1.26289 0.423047 0.2 83.8125
S
-1.13281 0.141602 4.35547 -0.0792969
0.211914 0.313477 0.744141 0.511914 0.613477 1.04414 0.2 181.469
S
-0.839844 -4.02344 3.43262 -0.664258
0.385742 0.0136719 0.585938 0.685742 0.313672 0.885938 0.2 81.4688
S
4.52637 -1.54785 6.7041 0.0730469
0.0810547 0.541992 0.735352 0.381055 0.841992 1.03535 0.2 182.25
S
1.91895 -3.78906 8.17871 0.180469
0.720703 0.241211 0.605469 1.0207 0.541211 0.905469 0.2 11.5469
