512 512
0 0 20
-1 -1 1
2 0 0
0 2 0
1.5 0.5 10 0.8
0.2
12
T
0.99 -1 -1
-0.99 -1 -1
-0.99 1 -1
1 1 1 1 1 1 0 1
T
0.99 -1 -1
-0.99 1 -1
0.99 1 -1
1 1 1 1 1 1 0 1
S
-0.227881 0.0368164 0.58335 0.128076
1 1 0 1 1 0 0 1
S
0.500195 -0.513525 -0.130127 0.14541
0 1 1 0 1 1 0 1
S
0.343408 0.443066 0.571289 0.272363
1 0 1 1 0 1 0 1
S
0.340234 -0.309131 0.072998 0.316309
1 1 1 1 1 1 0 1
S
0.292627 -0.588428 -0.127588 0.325098
1 0 0 1 0 0 0 1
S
-0.603662 0.293896 -0.0558594 0.139795
0 1 0 0 1 0 0 1
S
0.484326 0.1479 0.594141 0.281885
0 0 1 0 0 1 0 1
S
-0.112988 0.519873 0.524316 0.262842
1 1 0 1 1 0 0 1
S
-0.00888672 -0.24502 0.576367 0.240869
1 0 1 1 0 1 0 1
S
0.564307 0.253906 -0.3104 0.115137
0 0 1 0 0 1 0 1
