512 512
0 0 20
-1 -1 1
2 0 0
0 2 0
1.5 0.5 1.1 0.8
0.2
20
S
-0.227881 0.0368164 0.58335 0.128076
0.0791016 0.249023 0.0722656 0.0791016 0.249023 0.0722656 0 1
S
0.500195 -0.513525 -0.130127 0.14541
0.916992 0.486328 0.745117 0.916992 0.486328 0.745117 0 1
S
0.343408 0.443066 0.571289 0.272363
0.0820312 0.992188 0.776367 0.0820312 0.992188 0.776367 0 1
S
0.340234 -0.309131 0.072998 0.316309
0.337891 0.294922 0.59668 0.337891 0.294922 0.59668 0 1
S
0.292627 -0.588428 -0.127588 0.325098
0.849609 0.298828 0.0126953 0.849609 0.298828 0.0126953 0 1
S
-0.603662 0.293896 -0.0558594 0.139795
0.337891 0.286133 0.34082 0.337891 0.286133 0.34082 0 1
S
0.484326 0.1479 0.594141 0.281885
0.0917969 0.207031 0.416992 0.0917969 0.207031 0.416992 0 1
S
-0.112988 0.519873 0.524316 0.262842
0.675781 0.0820312 0.516602 0.675781 0.0820312 0.516602 0 1
S
-0.00888672 -0.24502 0.576367 0.240869
0.282227 0.30957 0.464844 0.282227 0.30957 0.464844 0 1
S
0.564307 0.253906 -0.3104 0.115137
0.157227 0.563477 0.219727 0.157227 0.563477 0.219727 0 1
S
-0.322461 0.0971191 0.285645 0.287744
0.623047 0.647461 0.478516 0.623047 0.647461 0.478516 0 1
S
0.185352 0.0945801 -0.582715 0.322412
0.0546875 0.0898438 0.541016 0.0546875 0.0898438 0.541016 0 1
S
0.175195 -0.111719 -0.0374512 0.286279
0.548828 0.170898 0.308594 0.548828 0.170898 0.308594 0 1
S
-0.54082 0.337695 0.147266 0.340967
0.0898438 0.251953 0.0253906 0.0898438 0.251953 0.0253906 0 1
S
0.48877 0.119971 0.490674 0.286035
0.666016 0.806641 0.495117 0.666016 0.806641 0.495117 0 1
S
-0.188525 -0.295166 -0.633496 0.101221
0.308594 0.871094 0.894531 0.308594 0.871094 0.894531 0 1
S
-0.236768 -0.624609 -0.283105 0.123682
0.133789 0.493164 0.839844 0.133789 0.493164 0.839844 0 1
S
-0.443701 -0.431641 -0.0971191 0.228662
0.145508 0.922852 0.479492 0.145508 0.922852 0.479492 0 1
S
-0.152979 0.536377 -0.328174 0.22085
0.991211 0.75 0.227539 0.991211 0.75 0.227539 0 1
S
0.222803 0.288184 0.179639 0.336816
0.0107422 0.698242 0.953125 0.0107422 0.698242 0.953125 0 1
