512 512
0 0 20
-1 -1 1
2 0 0
0 2 0
1.5 0.5 1.1 0.8
0.2
50
S
-0.227881 0.0368164 0.58335 0.128076
0.0791016 0.249023 0.0722656 0.0791016 0.249023 0.0722656 0 1
S
0.500195 -0.513525 -0.130127 0.14541
0.916992 0.486328 0.745117 0.916992 0.486328 0.745117 0 1
S
0.343408 0.443066 0.571289 0.272363
0.0820312 0.992188 0.776367 0.0820312 0.992188 0.776367 0 1
S
0.340234 -0.309131 0.072998 0.316309
0.337891 0.294922 0.59668 0.337891 0.294922 0.59668 0 1
S
0.292627 -0.588428 -0.127588 0.325098
0.849609 0.298828 0.0126953 0.849609 0.298828 0.0126953 0 1
S
-0.603662 0.293896 -0.0558594 0.139795
0.337891 0.286133 0.34082 0.337891 0.286133 0.34082 0 1
S
0.484326 0.1479 0.594141 0.281885
0.0917969 0.207031 0.416992 0.0917969 0.207031 0.416992 0 1
S
-0.112988 0.519873 0.524316 0.262842
0.675781 0.0820312 0.516602 0.675781 0.0820312 0.516602 0 1
S
-0.00888672 -0.24502 0.576367 0.240869
0.282227 0.30957 0.464844 0.282227 0.30957 0.464844 0 1
S
0.564307 0.253906 -0.3104 0.115137
0.157227 0.563477 0.219727 0.157227 0.563477 0.219727 0 1
S
-0.322461 0.0971191 0.285645 0.287744
0.623047 0.647461 0.478516 0.623047 0.647461 0.478516 0 1
S
0.185352 0.0945801 -0.582715 0.322412
0.0546875 0.0898438 0.541016 0.0546875 0.0898438 0.541016 0 1
S
0.175195 -0.111719 -0.0374512 0.286279
0.548828 0.170898 0.308594 0.548828 0.170898 0.308594 0 1
S
-0.54082 0.337695 0.147266 0.340967
0.0898438 0.251953 0.0253906 0.0898438 0.251953 0.0253906 0 1
S
0.48877 0.119971 0.490674 0.286035
0.666016 0.806641 0.495117 0.666016 0.806641 0.495117 0 1
S
-0.188525 -0.295166 -0.633496 0.101221
0.308594 0.871094 0.894531 0.308594 0.871094 0.894531 0 1
S
-0.236768 -0.624609 -0.283105 0.123682
0.133789 0.493164 0.839844 0.133789 0.493164 0.839844 0 1
S
-0.443701 -0.431641 -0.0971191 0.228662
0.145508 0.922852 0.479492 0.145508 0.922852 0.479492 0 1
S
-0.152979 0.536377 -0.328174 0.22085
0.991211 0.75 0.227539 0.991211 0.75 0.227539 0 1
S
0.222803 0.288184 0.179639 0.336816
0.0107422 0.698242 0.953125 0.0107422 0.698242 0.953125 0 1
S
0.441797 0.279932 -0.550977 0.271143
0.530273 0.28418 0.779297 0.530273 0.28418 0.779297 0 1
S
-0.431641 -0.505273 -0.403076 0.186914
0.442383 0.769531 0.862305 0.442383 0.769531 0.862305 0 1
S
-0.382129 0.199951 0.427832 0.305811
0.868164 0.84668 0.307617 0.868164 0.84668 0.307617 0 1
S
-0.558594 -0.388477 -0.347852 0.22915
0.154297 0.258789 0.464844 0.154297 0.258789 0.464844 0 1
S
0.54209 0.0279297 0.37832 0.221582
0.526367 0.265625 0.170898 0.526367 0.265625 0.170898 0 1
S
0.612549 -0.357373 -0.617627 0.28042
0.328125 0.570312 0.0693359 0.328125 0.570312 0.0693359 0 1
S
0.14917 0.429102 -0.606201 0.1896
0.0332031 0.274414 0.181641 0.0332031 0.274414 0.181641 0 1
S
-0.585889 0.570654 -0.318018 0.290186
0.719727 0.0253906 0.277344 0.719727 0.0253906 0.277344 0 1
S
-0.568115 -0.184717 0.167578 0.11001
0.242188 0.160156 0.526367 0.242188 0.160156 0.526367 0 1
S
-0.499561 -0.277393 0.196777 0.306543
0.976562 0.648438 0.548828 0.976562 0.648438 0.548828 0 1
S
0.451953 0.507812 0.248193 0.118799
0.55957 0.550781 0.433594 0.55957 0.550781 0.433594 0 1
S
-0.385303 0.112988 0.249463 0.223535
0.948242 0.105469 0.254883 0.948242 0.105469 0.254883 0 1
S
0.21582 -0.0850586 -0.345947 0.235498
0.416016 0.275391 0.583008 0.416016 0.275391 0.583008 0 1
S
0.222168 -0.283105 -0.0710937 0.206689
0.862305 0.807617 0.253906 0.862305 0.807617 0.253906 0 1
S
-0.545898 0.353564 -0.521777 0.136133
0.674805 0.420898 0.220703 0.674805 0.420898 0.220703 0 1
S
-0.152344 0.0177734 0.224707 0.306787
0.798828 0.270508 0.321289 0.798828 0.270508 0.321289 0 1
S
0.164404 -0.24502 -0.374512 0.20376
0.507812 0.109375 0.957031 0.507812 0.109375 0.957031 0 1
S
0.0495117 -0.250098 0.298975 0.245508
0.820312 0.650391 0.00976562 0.820312 0.650391 0.00976562 0 1
S
-0.444336 -0.297705 0.478613 0.230859
0.914062 0.0664062 0.667969 0.914062 0.0664062 0.667969 0 1
S
0.267236 0.333252 0.0723633 0.306055
0.459961 0.543945 0.651367 0.459961 0.543945 0.651367 0 1
S
-0.168213 0.120605 0.0171387 0.101465
0.191406 0.549805 0.420898 0.191406 0.549805 0.420898 0 1
S
0.194873 -0.428467 -0.246289 0.256006
0.0439453 0.918945 0.207031 0.0439453 0.918945 0.207031 0 1
S
-0.562402 -0.370068 -0.140918 0.237207
0.0273438 0.480469 0.0722656 0.0273438 0.480469 0.0722656 0 1
S
0.0380859 -0.355469 0.168848 0.232813
0.0341797 0.629883 0.355469 0.0341797 0.629883 0.355469 0 1
S
-0.321826 -0.112988 0.645557 0.288477
0.988281 0.980469 0.760742 0.988281 0.980469 0.760742 0 1
S
0.532568 -0.345313 0.531934 0.320215
0.19043 0.560547 0.504883 0.19043 0.560547 0.504883 0 1
S
0.497021 -0.312305 -0.462744 0.125146
0.0498047 0.928711 0.649414 0.0498047 0.928711 0.649414 0 1
S
0.599219 0.384033 0.180908 0.104883
0.956055 0.461914 0.550781 0.956055 0.461914 0.550781 0 1
S
-0.644287 -0.059668 -0.589063 0.221582
0.265625 0.914062 0.240234 0.265625 0.914062 0.240234 0 1
S
0.484326 0.0685547 -0.000634766 0.208887
0.425781 0.183594 0.316406 0.425781 0.183594 0.316406 0 1
