512 512
0 0 20
-1 -1 1
2 0 0
0 2 0
1.5 0.5 1.1 0.8
0.2
20
S
-0.262939 0.0424805 0.673096 0.104211
0.0791016 0.249023 0.0722656 0.0791016 0.249023 0.0722656 0 1
S
0.577148 -0.592529 -0.150146 0.106812
0.916992 0.486328 0.745117 0.916992 0.486328 0.745117 0 1
S
0.39624 0.51123 0.65918 0.125854
0.0820312 0.992188 0.776367 0.0820312 0.992188 0.776367 0 1
S
0.392578 -0.356689 0.0842285 0.132446
0.337891 0.294922 0.59668 0.337891 0.294922 0.59668 0 1
S
0.337646 -0.678955 -0.147217 0.133765
0.849609 0.298828 0.0126953 0.849609 0.298828 0.0126953 0 1
S
-0.696533 0.339111 -0.0644531 0.105969
0.337891 0.286133 0.34082 0.337891 0.286133 0.34082 0 1
S
0.558838 0.170654 0.685547 0.127283
0.0917969 0.207031 0.416992 0.0917969 0.207031 0.416992 0 1
S
-0.130371 0.599854 0.60498 0.124426
0.675781 0.0820312 0.516602 0.675781 0.0820312 0.516602 0 1
S
-0.0102539 -0.282715 0.665039 0.12113
0.282227 0.30957 0.464844 0.282227 0.30957 0.464844 0 1
S
0.651123 0.292969 -0.358154 0.102271
0.157227 0.563477 0.219727 0.157227 0.563477 0.219727 0 1
S
-0.37207 0.112061 0.32959 0.128162
0.623047 0.647461 0.478516 0.623047 0.647461 0.478516 0 1
S
0.213867 0.109131 -0.672363 0.133362
0.0546875 0.0898438 0.541016 0.0546875 0.0898438 0.541016 0 1
S
0.202148 -0.128906 -0.0432129 0.127942
0.548828 0.170898 0.308594 0.548828 0.170898 0.308594 0 1
S
-0.624023 0.389648 0.169922 0.136145
0.0898438 0.251953 0.0253906 0.0898438 0.251953 0.0253906 0 1
S
0.563965 0.138428 0.566162 0.127905
0.666016 0.806641 0.495117 0.666016 0.806641 0.495117 0 1
S
-0.217529 -0.340576 -0.730957 0.100183
0.308594 0.871094 0.894531 0.308594 0.871094 0.894531 0 1
S
-0.273193 -0.720703 -0.32666 0.103552
0.133789 0.493164 0.839844 0.133789 0.493164 0.839844 0 1
S
-0.511963 -0.498047 -0.112061 0.119299
0.145508 0.922852 0.479492 0.145508 0.922852 0.479492 0 1
S
-0.176514 0.618896 -0.378662 0.118127
0.991211 0.75 0.227539 0.991211 0.75 0.227539 0 1
S
0.25708 0.33252 0.207275 0.135522
0.0107422 0.698242 0.953125 0.0107422 0.698242 0.953125 0 1
