512 512
0 0 -40
-1 -1 -30
2 0 0
0 2 0
100 100 -100 1
1
61
S
2 0 3 1.5
.4 0 0 .2 0 0 .4 10
S
1.9894 0.205636 3 1.5
.4 0 0 .2 0 0 .4 10
S
1.95771 0.409092 3 1.5
.4 0 0 .2 0 0 .4 10
S
1.90528 0.608212 3 1.5
.4 0 0 .2 0 0 .4 10
S
1.83264 0.800886 3 1.5
.4 0 0 .2 0 0 .4 10
S
1.74059 0.98507 3 1.5
.4 0 0 .2 0 0 .4 10
S
1.63008 1.15881 3 1.5
.4 0 0 .2 0 0 .4 10
S
1.50229 1.32027 3 1.5
.4 0 0 .2 0 0 .4 10
S
1.35858 1.46774 3 1.5
.4 0 0 .2 0 0 .4 10
S
1.20047 1.59965 3 1.5
.4 0 0 .2 0 0 .4 10
S
1.02964 1.7146 3 1.5
.4 0 0 .2 0 0 .4 10
S
0.847889 1.81138 3 1.5
.4 0 0 .2 0 0 .4 10
S
0.657154 1.88895 3 1.5
.4 0 0 .2 0 0 .4 10
S
0.459452 1.94651 3 1.5
.4 0 0 .2 0 0 .4 10
S
0.256881 1.98343 3 1.5
.4 0 0 .2 0 0 .4 10
S
0.0515869 1.99933 3 1.5
.4 0 0 .2 0 0 .4 10
S
-0.154254 1.99404 3 1.5
.4 0 0 .2 0 0 .4 10
S
-0.35846 1.96761 3 1.5
.4 0 0 .2 0 0 .4 10
S
-0.558866 1.92033 3 1.5
.4 0 0 .2 0 0 .4 10
S
-0.753349 1.85269 3 1.5
.4 0 0 .2 0 0 .4 10
S
-0.939846 1.76541 3 1.5
.4 0 0 .2 0 0 .4 10
S
-1.11638 1.65943 3 1.5
.4 0 0 .2 0 0 .4 10
S
-1.28108 1.53585 3 1.5
.4 0 0 .2 0 0 .4 10
S
-1.43221 1.39599 3 1.5
.4 0 0 .2 0 0 .4 10
S
-1.56815 1.24133 3 1.5
.4 0 0 .2 0 0 .4 10
S
-1.68747 1.07352 3 1.5
.4 0 0 .2 0 0 .4 10
S
-1.7889 0.894329 3 1.5
.4 0 0 .2 0 0 .4 10
S
-1.87138 0.705658 3 1.5
.4 0 0 .2 0 0 .4 10
S
-1.93401 0.509507 3 1.5
.4 0 0 .2 0 0 .4 10
S
-1.97615 0.307955 3 1.5
.4 0 0 .2 0 0 .4 10
S
-1.99734 0.10314 3 1.5
.4 0 0 .2 0 0 .4 10
S
-1.99736 -0.102769 3 1.5
.4 0 0 .2 0 0 .4 10
S
-1.97621 -0.307589 3 1.5
.4 0 0 .2 0 0 .4 10
S
-1.93411 -0.509148 3 1.5
.4 0 0 .2 0 0 .4 10
S
-1.87151 -0.705311 3 1.5
.4 0 0 .2 0 0 .4 10
S
-1.78907 -0.893997 3 1.5
.4 0 0 .2 0 0 .4 10
S
-1.68767 -1.07321 3 1.5
.4 0 0 .2 0 0 .4 10
S
-1.56838 -1.24104 3 1.5
.4 0 0 .2 0 0 .4 10
S
-1.43247 -1.39572 3 1.5
.4 0 0 .2 0 0 .4 10
S
-1.28137 -1.53561 3 1.5
.4 0 0 .2 0 0 .4 10
S
-1.11669 -1.65922 3 1.5
.4 0 0 .2 0 0 .4 10
S
-0.940173 -1.76524 3 1.5
.4 0 0 .2 0 0 .4 10
S
-0.753692 -1.85255 3 1.5
.4 0 0 .2 0 0 .4 10
S
-0.559222 -1.92023 3 1.5
.4 0 0 .2 0 0 .4 10
S
-0.358825 -1.96755 3 1.5
.4 0 0 .2 0 0 .4 10
S
-0.154624 -1.99401 3 1.5
.4 0 0 .2 0 0 .4 10
S
0.0512164 -1.99934 3 1.5
.4 0 0 .2 0 0 .4 10
S
0.256514 -1.98348 3 1.5
.4 0 0 .2 0 0 .4 10
S
0.459092 -1.9466 3 1.5
.4 0 0 .2 0 0 .4 10
S
0.656804 -1.88908 3 1.5
.4 0 0 .2 0 0 .4 10
S
0.847554 -1.81153 3 1.5
.4 0 0 .2 0 0 .4 10
S
1.02932 -1.71479 3 1.5
.4 0 0 .2 0 0 .4 10
S
1.20018 -1.59987 3 1.5
.4 0 0 .2 0 0 .4 10
S
1.35831 -1.46799 3 1.5
.4 0 0 .2 0 0 .4 10
S
1.50205 -1.32055 3 1.5
.4 0 0 .2 0 0 .4 10
S
1.62986 -1.15911 3 1.5
.4 0 0 .2 0 0 .4 10
S
1.7404 -0.985392 3 1.5
.4 0 0 .2 0 0 .4 10
S
1.8325 -0.801225 3 1.5
.4 0 0 .2 0 0 .4 10
S
1.90516 -0.608565 3 1.5
.4 0 0 .2 0 0 .4 10
S
1.95764 -0.409455 3 1.5
.4 0 0 .2 0 0 .4 10
S
1.98936 -0.206005 3 1.5
.4 0 0 .2 0 0 .4 10
